241867900
241970167
242612843
242789723
243252978
244761277
245103191
245573672
245715209
245792693
245934494
246086592
246213576
247645744
247876447
248378741
248550176
248617727
248739992
248843216
248883344
248929016
249388344
257069696
257130020
257164373
257254661
257374616
257389598
257504603
257598389
257687621
257725934
257741378
257797709
257898458
257979770
258070488
258125994
258140778
258185394
258228063
258241626
258329670
258656865
258694089
258778998
258829488
258844272
258891066
258905520
258989604
259188133
259284592
259439263
259594363
259661122
260051447
260107481
260146421
260447447
260462330
260582879
260685377
260851400
260894432
260937860
261379137
261413985
261702339
261833415
262014190
262040062
262083886
262155793
262225093
262545655
262841533
263157344
263473781
265577830
267509883
268627561
269837375
270561000
271070587
271188628
271300630
271422202
272020724
272092730
272139788
272213378
272279246
272346632
272591921
273012012
273302907
274524469
274652971
278101739
278254001
278407352
278774180
278803781
278929247
279078177
279239382
279316239
279668943
279696003
279726561
279743061
279836781
279937695
279977889
280030096
280121803
280217173
280281721
280341154
280383724
280442497
280672144
281436854
281468171
282602415
283084942
283198858
283418473
283842490
284962181
285218064
285622875
285806652
285932415
286012606
286115434
286259974
286359403
288439593
288500346
288582846
288654984
288826386
288878625
289373065
290230670
291462957
291571329
291698808
291851895
292317493
292378939
292560373
294077286
294527505
294887733
295046959
295133254
295232650
295325083
295419430
295464343
295621291
295715275
296065340
296188892
296224037
296458238
296468567
296574893
296617001
296744018
296774807
296830544
297106260
297444675
297503151
297636900
297882684
297958518
298113916
298202224
298320232
298384549
298592713
298694617
298762366
298905322
299070488
299276210
299636372
299777810
299884730
300008778
300098736
300182523
300263340
300448173
300562716
300713592
300813318
300873840
300932547
301003036
301141108
301224235
301289773
301474936
301608157
301642081
301701976
301924132
302391446
302438999
302526284
302620928
302694584
302906477
303053196
303108471
303433752
303644556
303775401
303802362
303921690
304111111
304212091
304288948
305622479
306766524
308953733
309260568
309449163
309671022
309781473
309847110
309998184
310046299
310262548
310308649
310341979
310403260
310516285
310633105
311841731
313361812
314437250
314526185
314608289
314633534
314780087
314992706
315646140
315928026
316200178
316648879
318048411
319053988
324915321
327400422
328199650
329494406
329621093
329698544
329818862
330296208
330392238
330501567
330585222
330734613
330908655
331023430
331223872
331256179
331323631
331435270
331646734
331771111
331807807
331875424
331945417
331997689
332063360
332119031
332131373
332201168
332304821
332506055
332603636
332689601
333470514
333912384
334363990
340921129
340987690
356879483
365315051
371591624
371792495
372062403
381341088
382100353
382114213
382280005
382525789
382697422
382793320
383051183
383097482
383161667
383206514
383219912
383313170
383345840
383436029
383831732
384053691
384118470
384249711
384403425
384612645
384679701
384799821
385438141
387323400
387407913
387528528
387620301
387738738
387816024
387932283
388107382
388511236
388635547
388686004
388706398
389306702
389972213
390201498
390330792
390404778
390452727
394193281
395014058
395699369
396639573
396843678
396993201
397161766
397209154
397242451
397297165
397528297
397582582
397646866
397665577
398303996
398467940
398829158
401880869
402060027
403430023
403823812
403956010
404099693
405357522
405550440
405629211
405793815
405810843
405867108
406038742
407094545
407184866
407485133
407660594
407744942
407817245
407827211
407874995
407923967
407963534
407998844
408037323
408074877
408105171
408508596
409035409
409331749
409377784
409735141
409982806
410592746
410737715
411877041
412356103
412562452
412758142
413084810
414225852
414334785
414499125
414630201
415002376
415078111
415176484
415239745
415246873
415274824
415318978
415485166
416702867
416862752
416873378
416913638
417024519
418342507
418939906
419420981
419440418
419470448
419514140
419552816
419585354
419675213
419744909
419790416
419838893
419855162
419949575
420528792
420830742
420911295
421158334
421397749
421413193
430195162
430665907
430795069
431048147
431329703
431651618
431946671
431978021
432055275
432091872
432210507
432320199
432399795
432441012
432516120
432598983
432613668
432682110
432774378
432903045
433162756
434161502
435389763
435431640
435445995
435541860
435710061
435735537
435788832
435845361
435866250
436006666
436166386
436647724
437044352
437154143
437267795
437311850
437325413
437490875
437581262
437594726
437802593
437825033
437887304
439881100
440819456
440934593
441080454
441207669
441346599
441426888
441482856
441492690
441568095
441579612
441620994
441630828
441649803
441682176
442415041
442771342
443280500
444007491
444605286
444692175
445507111
445733755
445965976
446301554
446649011
446699105
447384021
447466356
447576741
447879351
448214269
448724911
449003465
450254793
452917697
453090948
453138171
453203082
453225126
453252087
453452628
453568986
453679074
453708609
455587796
457240372
457345081
457760122
457774279
458848034
460370557
460394779
460406230
460451209
460485463
460711249
460841566
460944493
460993168
461124872
461593010
464040491
464221034
464313071
464356565
464371943
464665445
464808038
464849750
464909975
466617694
467656568
468367389
472044055
472264099
472558063
472683793
472740124
473082005
473382899
473507738
473772299
475432135
475565752
475632148
475747417
475816651
475969012
475989736
476120285
477107085
478527934
479157410
479788700
480200376
480562914
480653268
483047190
483703593
484311421
484545952
484958881
484977130
485040821
485155265
485225786
485244266
485387024
485434115
485443388
485679899
485732501
486064713
487168069
487971388
489035277
489719829
490708279
491844569
491861102
491877272
491938487
491983532
492115599
494856713
494930996
497339240
498348084
498453519
498699765
498984555
499011253
499112200
499269841
499370722
499463056
499554169
500047850
500585189
504911361
505251691
505771936
506284592
506625152
506719697
511774411
511872157
511937563
511954723
512227106
512253440
512300168
512367356
512463947
512662244
512740982
512763785
512817575
512840774
512876711
512890703
512914529
512989505
513891924
513953007
514465498
514540837
514830247
515040293
515214500
515500412
515699303
515800052
516972939
517453981
518651453
518720885
518782628
519028776
520059664
520079332
520242418
520320694
520422070
520511071
520522687
520601887
520694881
520771309
520807873
520973797
521204072
521280269
521370524
521437448
521471174
521756789
521841698
521915783
521957792
522018711
522386298
522481734
522963699
523131208
523935748
524264429
524584859
524623007
526288915
527496650
527626505
527817179
527957726
528956769
529337161
529448503
529590733
530627198
530900636
537699336
544013893
544103719
547656040
548983598
549358974
550109791
550352143
552549813
553708147
554054153
554276903
554341220
554466785
554522489
554617925
554716397
555055143
555110946
555184239
555450978
556182754
557534534
558507243
558737187
558941226
558970431
559986766
560139425
560254694
560404580
560416064
560443454
560618948
560870540
560978087
561232056
561300102
561404613
561567303
561679569
562542982
562989241
563092532
563127611
563324159
563348381
563432564
563468270
563610500
563671286
563744546
563802329
563817113
563976668
564145827
564197274
564218427
564226941
564357687
564476322
564634458
564691812
564767382
564816684
565151470
565440847
565721743
565885060
566432399
566779790
566797808
566947628
567203478
567279378
567706134
568190080
568244101
568250008
568297990
568344421
568364749
568502161
568527637
568575058
568600600
568736263
568769989
568785070
569167211
569377619
569469524
569522852
569928686
570323103
570578688
570803616
570811602
570884730
570919941
571170874
571963468
573354948
573658383
574106821
574156288
574347193
574588423
575314424
575618651
575915585
576373131
580266013
580561858
580789294
580918819
580949740
580967296
581032934
581172821
582209913
582430452
582480942
582898590
582990825
583041250
583113982
583190047
583326238
586679008
587275088
588291588
589170610
589229911
589282051
589298188
589344883
589406329
589436887
589461340
589560043
589609180
589792660
589825726
589860112
589887997
589921855
590117183
590225786
590274593
590313764
590390786
590466422
590514701
590537372
590769989
590803121
590815100
591093456
591242847
591297000
591364815
591388476
591424314
591494604
591555852
591574167
591620763
592322113
592448371
592489621
592781803
592952875
593106854
593165396
593207504
593367818
593387849
593472725
593484803
593691647
593839883
593935649
593967329
594018414
594086262
594200871
594234729
594287232
594311619
594377982
594424578
594481272
594541530
594582714
594642015
594824274
594876546
595028875
595068607
595586839
595676104
595922515
596323730
596438834
596464871
596522357
597345048
598558558
598651024
598698577
598971124
599028710
599249942
599795201
599806784
599814110
599866910
599902880
600024222
600053394
600100287
600189618
600424545
600777678
601460383
601607068
601674784
601696828
601729894
602131373
602430386
602846285
603533247
603910206
604087714
604156156
604193941
604369534
604468501
604652509
604979209
605216414
605245025
605319737
605406824
605448536
605471636
605507738
605548196
605624822
605640068
605695178
605806124
605858462
605908325
606010824
606379038
606553311
606674883
606708840
606724779
606732435
607536085
608801603
609865227
610057156
610088704
610387354
610412302
610425865
610487971
610721083
610811140
610860310
610950664
611124113
614419760
615482196
615635547
615660957
615742533
615831171
616007854
616184041
617929610
618058212
618138006
618185658
618288288
618427185
618483879
618502095
618551364
618590667
618617859
618629574
618988416
619203643
619360855
619656238
619850905
620556314
621658449
623938124
624076395
624086460
624189453
624292314
624575619
624588093
624705738
624763059
624793386
624823119
624830973
625250932
625523446
625722799
627304953
627354684
627522753
628087186
628241197
628311784
628350823
628380688
628600039
628608157
628635052
628671286
628680526
628724020
629222915
629253440
629340197
629364089
629454773
629509982
629655248
629692736
629748539
629844998
629909579
630029799
630203247
630226182
630315282
630683859
630939741
630948552
631045837
631738144
631785169
631796521
632068607
632116325
632193578
632370260
632774906
633895785
634854172
634881067
634903903
637278949
637363363
637389136
637411576
637437283
637569481
637820479
639358215
641646833
646170181
646268290
646388542
649533082
649664818
649807114
649963963
650066726
650216876
650439956
650929181
651682011
651861597
651985512
652151536
652202884
652302511
653458700
653590238
653642708
653699864
653721941
653786786
653816618
653835791
653888228
654011121
654039435
654081642
654125433
654143220
654199122
654303039
654334587
654522621
654756591
654795399
655666303
656519288
656774576
656793023
657703758
658376728
658438141
658914958
658989373
659059136
659107085
659525789
659709533
659816156
659931359
660054054
660121671
660320958
660419067
660467577
661013266
661137082
661406989
661829059
661891891
661974457
662238227
662275847
662556017
665017952
665597069
665677391
665835131
665965811
665995643
666087945
666165066
666294525
666425964
666499983
666565092
666650199
666834834
666948849
671591327
671868857
672127776
672194007
672323697
672393987
672543048
672566346
672642840
672669042
672782694
672869946
672965580
673014883
673084975
673392733
673751740
673771540
673820446
674409101
674539880
674972675
675094974
675155430
675296637
675356928
675463650
675505263
675888459
676362802
676479457
676537900
676601161
676620334
676663102
676694914
676709995
676778998
676828498
676868527
676878691
677023727
677096954
677167145
677297132
677362637
677386397
677661617
678165264
678237204
678304722
678368841
678445962
678505197
678637461
678661419
678915387
678978450
679023331
679094413
679416889
680378642
680400719
680503679
680734976
681139557
681212487
681227931
681496551
681591756
681820479
682248028
682360393
683275847
689861531
689995709
690999405
691109164
691209055
691365904
691653631
692716562
693160380
693279279
693664521
693705177
693829785
694041679
694404250
695659802
695946341
697457611
697482031
697493647
697603867
697676368
697813516
697872652
697879945
697985875
697994290
698042240
698104874
698119823
698225159
698344256
698382305
698438570
698446325
698518001
698547041
698578754
698703989
698892980
698959112
699120813
699641355
699685014
699742797
699772959
699795960
700225291
700273933
700364419
700688215
704302808
704448008
704466719
704476553
704840147
707806157
708139755
708374649
708700986
709302214
711857670
711988548
712316866
712531795
712625185
712924264
713754314
713790812
714040755
714354915
714490314
714870639
714960465
715222387
720519816
720579348
720631851
720866745
721060720
721217041
721270402
724016236
725856449
725974391
726242649
726314094
727307890
727541332
732259314
738476223
738524502
738561165
738574827
738690393
738802527
738882123
738941028
738954591
738970101
739011319
739025938
739119988
739168432
739294492
739325116
739442035
739705474
739867669
740202818
740391974
741422664
741452133
741795894
742875886
742938850
743325380
743516780
744590304
744736461
744882354
744927663
745087516
745262581
745334092
745475233
745735900
745917829
746093126
746863940
747151470
747315810
747364584
747415932
747485925
747652014
747771969
747877239
748038082
748469755
748712206
748840510
749017358
749398376
749705837
749931392
750268983
750520542
754474804
754908028
755318285
755384549
755398244
755476025
755688743
755828993
755934857
755984885
756125136
756302313
756418440
756454542
756665907
756929115
757078210
757132264
757202356
757259017
757359238
757465564
757559680
757649935
757734547
757771309
757902781
758046992
758059400
758122265
758191994
758214302
758240471
758378411
758433983
758460515
758548559
758696531
759206052
760496287
760568458
760581427
760714549
760748638
761023034
761152757
761299904
761325941
761502392
762074019
762301983
762667524
763037158
763139029
763231363
763387783
763439758
763448239
763573210
763680691
770216084
770365310
770397782
770476751
770518496
770659637
770808665
771110517
771166848
771210474
771797379
771849090
771889548
771990627
772136686
772324720
772383724
772437151
772727683
772980298
773836781
776500115
776646503
776700227
776916311
776930468
776983895
777105204
779109461
779139359
779282777
779341385
779609180
779761244
780056034
780339471
780472032
780602811
780789855
781707256
781727617
781772827
781835923
781908721
782022341
782089760
782170082
782593901
782720819
782834900
782924000
783014190
783123090
783298023
783486552
783739167
783965910
784047322
784199056
785229548
785571956
785649605
785806388
786084810
786149094
787027324
787665709
787833679
788081510
788535392
788651651
788741807
788796356
788980496
789054912
789143814
789190707
789237600
789322575
789362538
789412434
789426723
789437481
789447876
789531696
789666171
789718014
789767118
789814374
789922680
790281259
790324390
790377256
790415536
791322641
791372966
791694518
792132726
792438504
792575388
792812427
793455796
793466158
793762696
793936441
794857439
797285186
798357225
798756360
798799689
798920700
798986997
799130812
799225687
799299244
799375441
799436722
799488037
799748473
799760584
800055044
800069630
803589809
808813945
809702207
810099561
810784047
810870573
810982641
811069696
811417516
811713823
811750651
811817575
811886578
811932646
811944130
811992706
812010527
812060225
812173613
812224763
812242583
812260799
812282711
812311553
812511170
812873444
813153186
814323466
814654159
814770121
814836418
815123618
815155100
815263670
815423819
815443454
815511302
815541629
815661980
815974589
816148995
816253110
816345048
816363660
816459492
816592053
818197175
819294954
819396528
819723525
820017886
820066099
820250305
820453882
820540177
820816882
820922317
821184437
822415239
822697521
822725010
822832227
823037950
823105039
823129096
823139590
823186252
823199881
823446490
823604428
823981288
823995148
824492294
824512094
824524139
824572649
824596310
824608685
824738903
824763851
825117942
825684948
827313929
827634062
827843942
827950565
828149622
829194370
832168003
832237633
832246444
832313764
832365409
832378213
832575025
832624591
832682275
832838530
833007194
833115038
833182622
833246048
833285450
833796752
833849816
833888294
834258786
834970365
835421146
835642576
836165528
838266442
838422532
838502557
838549252
838613800
838709005
838750453
838871299
839723558
840350130
842778239
843873708
843937992
844130812
844271524
844511896
844652872
844732699
844783915
845073161
846841368
846979341
847044319
847083094
847119757
847263043
847285153
847328812
847369600
847393393
847776688
847806355
847834768
847917004
848057189
848346368
849217833
849292809
849822393
851780483
852536118
852690426
852717585
852795465
852898557
852937398
853133089
853422334
853905520
854033198
855316041
856289443
856305877
859603570
859927201
860844074
860883542
863754446
865204567
865642081
865769461
866030360
866058476
866338679
866367356
866512919
866591393
866667755
866790383
868473517
868860640
868889053
869468303
869503712
870141240
870390027
870438933
870470448
870642576
870700920
870755502
870801768
871080157
872153681
872256542
872382470
872442299
872539979
872758769
873183744
873570108
873629607
876831633
876865689
876946242
876966471
876987327
877010857
877125928
877158367
877285681
877351450
877951390
878516912
879759825
880200970
881294723
881319209
883152493
883641619
883798072
883918588
883949047
884066132
884077715
884108801
886326337
886844338
887414909
887650859
887740322
888055110
888764181
888814275
889248952
889259875
889393327
889735009
889914067
890656469
890781869
896632511
896885522
896929577
896987756
896999834
897097218
897152526
897191631
897277299
897366201
897438504
897490545
897824670
897902616
898077517
898153054
898277167
898414579
898563805
898886710
898945087
899068904
899192918
899254298
899287727
899336039
899391281
899411840
899461670
899531960
899550506
899568029
899647493
899692934
899782298
899832392
899967659
900282810
900585651
901303897
904779295
904880341
905078441
905641850
906149919
906241494
906318648
906381381
906534369
907145134
907356829
909095304
910186780
910261162
910531960
915474111
915626241
915709863
915754182
915832392
915958617
916073359
916117018
916175989
916329010
916340692
916370722
916415635
916576675
916604362
916820545
916994455
917206877
917255585
917292974
917493284
918000792
918027555
918135729
918153483
918173316
918280830
918449130
918965118
919094776
919990891
920738408
920973137
921839058
922051777
922549186
922896808
923002178
923114345
923261360
923784773
924156684
924221694
926896016
927029040
927453816
927811965
930705771
931250734
931502854
933636240
933994917
934045573
934189585
934654159
936919677
936983730
937050094
939606507
939863610
942814407
943367620
944046530
945738804
946766953
946804210
947541398
947959475
951147246
954166749
954382305
954479424
956882255
957069960
957127545
957214797
957268356
957375210
957385572
957455400
957737550
957911526
957986634
958026994
958105600
958264627
958672969
958751245
958993498
959144078
959473946
959591129
959747285
960183216
960241197
960249183
960278256
960690657
960816816
960892254
963834240
964304590
965219978
965246873
965368016
965421905
966644919
966863115
967055968
967112332
967209649
969662871
970461901
970692538
970775236
970864468
971279675
971408375
971424149
971476685
971586014
971789459
972047223
973417219
973801075
973854469
973905487
973994686
974015906
974077253
974143616
974231462
974251427
974331353
974439692
974536382
974745107
974978582
974994191
975069795
975114609
975157707
975233508
975281094
975319506
975340494
975364881
975376068
975390654
975553839
975946011
976498432
976526614
976669735
976787347
977204336
977481206
977495759
977585519
977894828
978868626
979360954
988949377
989379797
989502491
989541266
989548790
989636471
989698016
989756426
989876645
990492822
990577929
991015081
991033594
991076395
991265485
991548130
991631356
991982542
992143781
992221331
992253473
992364452
992451077
992494571
992537438
992648120
992722469
992755073
992866976
993113586
993151107
993502161
993574068
993707619
993735306
993752961
993828960
993987987
994203709
994264132
994346599
994689634
994805563
995192918
995564366
995906576
996053328
996758538
996919809
996973698
997120912
997836385
997955548
998029700
998334587
998457050
998594858
999277695
999415140
999532884
1004394911
1004817377
1004851235
1004865524
1004915750
1004965811
1005119394
1005209847
1005219879
1005284361
1005349503
1005387453
1005411972
1005524733
1005571824
1005704814
1005785895
1005797016
1006116226
1006990924
1007244728
1007406461
1007477510
1007913176
1009911097
1009955119
1010090057
1010353727
1010414018
1010548427
1010591558
1010750090
1010790812
1010968517
1010988548
1011137577
1011181665
1011276870
1011310167
1011402831
1011634359
1011714516
1011732699
1011772761
1011786126
1011844998
1012069234
1012197835
1012754941
1012841203
1014336039
1014433785
1014892023
1015004950
1015139161
1015455466
1021075471
1021965052
1022823251
1023444345
1023814044
1023892188
1023935781
1023989835
1024044847
1024098769
1024137709
1024219252
1024288057
1024380820
1024456951
1024570207
1024619938
1024655908
1024680295
1024688017
1024818631
1024836418
1024956505
1025071148
1025080025
1025347688
1025467676
1025640332
1025951951
1025974754
1026398013
1026417120
1026463386
1026589017
1026652707
1026716034
1026778041
1027017787
1029808995
1030217998
1030483351
1030761310
1030990363
1031043197
1031153780
1031220935
1031236148
1031294756
1031309936
1031370986
1031404877
1031445929
1031486783
1031552024
1031588951
1031599874
1031611622
1031781704
1031961290
1032088770
1032105831
1032727056
1032907269
1033122199
1033162921
1033425733
1033528231
1033606738
1033677655
1033800052
1034090288
1034263505
1034364023
1034526647
1034611457
1034689040
1035097812
1035298122
1035612183
1036221430
1036300960
1036441606
1036563475
1036635052
1036821007
1036929940
1037184503
1037209418
1037359997
1037751146
1037838596
1037854997
1037914991
1037947793
1037960168
1038063228
1038134244
1038220506
1041102696
1042327030
1042785829
1042910239
1042930798
1044569349
1045392766
1046142923
1046689634
1046757251
1046787776
1049383130
1049455598
1049816189
1049950037
1049985545
1050035838
1050201795
1050218361
1050326469
1050455136
1050470745
1050595419
1050608949
1050649110
1050731841
1050815166
1050833646
1050864864
1052448767
1052549978
1052601920
1052828069
1052902187
1053065439
1053126324
1053135960
1053207240
1053302808
1053344850
1053497970
1053573441
1053663729
1053687060
1053698412
1053810942
1053829686
1053903672
1054087186
1054251295
1054302412
1054413226
1054438636
1054627726
1055199419
1061949179
1062382932
1062637461
1062718872
1062842787
1063403128
1063595551
1063771012
1064050721
1064134508
1064689238
1065084084
1065179223
1065491865
1065942216
1066061578
1066517011
1066877866
1068045837
1068166056
1069322212
1069673695
1069705045
1069770847
1069804012
1069838431
1069880506
1069937629
1070031251
1070103785
1070487905
1070760188
1070867867
1071785334
1071833943
1071892254
1071995775
1072115797
1072229845
1072267003
1072757779
1073160776
1074021417
1074171534
1074339669
1074398541
1074518958
1074576675
1074887766
1074911559
1074942579
1074989208
1075077385
1075422235
1076151734
1076198627
1076269049
1076296505
1076353925
1076402732
1076452133
1076499257
1076619740
1076781473
1076830907
1077016335
1077107184
1077495297
1077704880
1080043461
1080606540
1080734283
1080874071
1082264396
1082411510
1082470877
1082545655
1083477840
1083609213
1083781275
1084784311
1085048972
1085124146
1085276276
1085560670
1085806850
1087750948
1087849618
1088094380
1090837936
1091010626
1091042504
1091090255
1091123783
1091197142
1091283437
1091382008
1091596277
1091969705
1092122199
1092295845
1093896346
1094121770
1094214995
1094391974
1094408309
1094517242
1094630432
1095543774
1096397650
1096463419
1096530013
1096588093
1096627066
1096709170
1096799161
1096858264
1096894795
1096961125
1097143220
1097286704
1097341418
1097578952
1097659901
1097903969
1098105105
1098439329
1099575949
1099628518
1100292578
1100407220
1100508959
1100628419
1100763026
1100872421
1100924627
1100960564
1101007062
1101031680
1101068772
1101132396
1101234333
1101263670
1101288882
1101341814
1101395670
1101452496
1101504537
1101568458
1101596772
1101626736
1101654720
1101675774
1101794871
1101841731
1101883575
1101923142
1102066990
1102206151
1102255057
1102283008
1102330198
1102377454
1102425073
1102503877
1102677061
1102745305
1102864402
1102976602
1103066990
1103571230
1103753489
1103852984
1103913803
1104103884
1104138138
1104168366
1104191070
1104960960
1105930831
1106451341
1106602844
1106790713
1106880308
1107023991
1107103917
1107338547
1107579117
1107642345
1107702636
1107792561
1107881331
1107946572
1108311058
1108514932
1108693396
1109780615
1109994290
1110204633
1110750981
1111004257
1111075801
1111142494
1111751938
1111890175
1113230076
1113434742
1113524997
1113981717
1114099198
1114242385
1114283932
1114425502
1114630795
1114830874
1114931623
1115041580
1115125631
1115400983
1121484638
1121605187
1121828630
1121999306
1122192192
1122789393
1122895917
1123018612
1123049269
1123230505
1123337590
1123374979
1123446754
1123463881
1123475365
1123519024
1123643929
1123707586
1123805926
1123901362
1123936210
1124262713
1124302280
1124716430
1124745701
1124828465
1124854997
1124948651
1125031746
1125082665
1125140877
1125162393
1125171039
1125180807
1125380952
1125395208
1125414711
1125498399
1125630597
1125665775
1125701283
1125855525
1125921459
1126070257
1126078705
1126151107
1126197736
1126243804
1126359733
1126414645
1126481536
1126626406
1126645810
1126663762
1126823944
1126929148
1126971850
1127067650
1127110715
1127212949
1127253374
1127284460
1127300201
1127400488
1127432036
1127577500
1127587928
1127603405
1127614064
1127640629
1127648351
1127697554
1127905487
1127976338
1128181731
1128241956
1128567864
1129048048
1129325677
1129442530
1129462924
1129498630
1130310794
1130377784
1130428307
1130642147
1130822063
1130911691
1130947991
1130986898
1131011253
1131033726
1131293832
1131558954
1131884169
1132247797
1132480810
1133509157
1133605979
1133923802
1134162558
1134349371
1134432927
1134544137
1134621093
1134813318
1135053097
1135203511
1137953964
1138061512
1138701778
1139687126
1140410388
1141304260
1141387618
1143674784
1143759924
1143793881
1143872157
1144057684
1144120219
1144227370
1144396000
1144453585
1144522984
1144594660
1144652641
1144693726
1144716364
1144782760
1144866514
1144985908
1145084447
1145097218
1145132231
1145164241
1149875721
1149995709
1150963138
1151998316
1152243672
1152409827
1152648516
1152753258
1153039468
1153067386
1153090849
1153142692
1153173844
1153204831
1153229944
1153272052
1153367125
1153467709
1153609741
1153627165
1153698577
1153832359
1153864831
1154060654
1154521763
1154591723
1154609642
1154878988
1155034683
1155326073
1155680097
1155912285
1156039699
1156181896
1156234267
1156408144
1156647196
1156683463
1156848232
1156866481
1156936672
1156990891
1157105633
1157133617
1157166683
1157359040
1157427581
1157492789
1157544401
1157580041
1157737517
1158337854
1158447744
1158723789
1159748110
1161925683
1162365970
1162504075
1162613602
1163106854
1163277299
1163403689
1163508629
1163524403
1163557799
1163686103
1163739464
1163756195
1163816156
1163871299
1163924693
1163984093
1164068046
1164339141
1164361845
1164429363
1164467379
1164543774
1164597894
1164657591
1164679635
1164899613
1165014982
1165055803
1165186813
1165406956
1165462330
1165550770
1165569118
1165612678
1165731214
1166003564
1166059598
1166175527
1166415668
1166992937
1167006039
1167026862
1167264165
1167553905
1167720687
1167756426
1168955350
1169102531
1169585387
1169708411
1171562452
1175203841
1175489027
1175624822
1175722436
1175810480
1175977658
1176066132
1176137808
1176167739
1176187341
1176417879
1181519750
1182357720
1183723096
1183731511
1183801405
1183871134
1183924990
1184041052
1184267894
1184409794
1185092136
1185400719
1187287694
1187456291
1187798732
1187816486
1187947859
1188335148
1188536877
1191621588
1194176022
1194278619
1194357192
1194404943
1194506517
1194567006
1194702405
1194923274
1195001650
1195169323
1195580008
1195614097
1195648615
1196515097
1196951654
1196976404
1199083523
1199385572
1200759891
1203694287
1203967428
1204971850
1205041844
1205784542
1206123453
1212226017
1212308946
1212411180
1212477939
1212650826
1212817938
1212899778
1212949047
1213021747
1213071775
1213081411
1213143748
1213166815
1213183282
1213251658
1213306372
1213360327
1213394944
1213462462
1213493911
1213575817
1213614493
1213648252
1213688545
1213761805
1213790680
1213884268
1213956670
1213986799
1214068079
1214075966
1214169059
1214244464
1214273438
1214361977
1214451737
1214649968
1214657195
1214839388
1215024222
1215056364
1215123255
1215178728
1215281226
1215498069
1215607728
1215851598
1215920271
1216178332
1216237930
1216301191
1216506418
1216601128
1216714417
1217116721
1217224433
1217233376
1217288849
1217380952
1217440880
1217513315
1217708147
1217909315
1218017853
1218141339
1218298749
1218434346
1218538626
1218790383
1218917202
1219006270
1219166320
1219187176
1219272151
1219310464
1219450648
1219590469
1219646602
1219675642
1219883839
1219902286
1220117183
1220355872
1220580602
1220675609
1220899349
1220981156
1221123618
1221239745
1221404316
1222437646
1227178926
1227200046
1237013860
1239009537
1239366696
1239468765
1240562584
1241570207
1242489687
1242604626
1242669339
1243031977
1243104907
1243275154
1243467214
1243512688
1243540804
1243607827
1243632544
1243695112
1243755073
1243766359
1243842193
1243854106
1243874797
1243912879
1243942348
1244016137
1244037587
1244059202
1244127710
1244147576
1244217701
1244259413
1244267069
1244295317
1244360393
1244395340
1244412863
1244426723
1244434016
1244532389
1244544533
1244553905
1244664158
1244726924
1244776754
1244895290
1244962511
1245028347
1245088407
1245150777
1245368676
1245432927
1245546513
1245646602
1245760617
1246463287
1246537669
1246579084
1246683496
1249639474
1249856746
1249896808
1250061017
1250207075
1251519123
1251675048
1252145794
1252304359
1252599808
1253004257
1253181731
1255212487
1256837177
1256958254
1257211629
1257891297
1258068805
1258127644
1258224730
1258263274
1258341055
1258467346
1258478137
1258550176
1258645777
1258695739
1258725538
1258744249
1258887601
1258936276
1258993894
1259015939
1259061215
1259212751
1259387750
1259431607
1259462429
1259585585
1259791736
1259877041
1259927366
1259983697
1260046794
1260161040
1260192489
1260227931
1260241065
1260264396
1260276936
1260312279
1260529782
1260603141
1260627165
1260658746
1260680988
1260698874
1260755040
1260773124
1260829686
1260854766
1260872883
1260890637
1260900537
1260916212
1260934857
1260968319
1260989208
1261032901
1261062997
1261207801
1261243210
1261361911
1261523182
1261559284
1261591327
1261620103
1261843117
1262064548
1262143385
1262157014
1262299607
1262344784
1262479886
1263232221
1263333993
1263422334
1264275022
1264368577
1264520806
1264984159
1265140547
1265468435
1265612579
1266059433
1266312609
1266389235
1266571560
1266640695
1266707520
1266778371
1266870969
1266928653
1266992937
1267033594
1267082896
1267389301
1267419925
1267644226
1267818697
1267944493
1267972081
1268359337
1268465366
1268492492
1268531663
1268562551
1268623667
1268716496
1268809754
1268855921
1268911988
1269009933
1269083028
1269181236
1269248391
1269495990
1269598455
1269958254
1270137214
1270277167
1270413853
1270535755
1270598059
1270744678
1270813747
1270861168
1270923571
1270973566
1271035772
1271073062
1271131802
1271239580
1271477180
1271625020
1272607728
1274802758
1274896049
1275023265
1275082500
1275260469
1275369699
1277349866
1277552090
1279634821
1281584067
1281651123
1281700557
1281767844
1281843348
1282282381
1282504801
1282529683
1282591393
1282666864
1282718872
1282776589
1282793782
1282824736
1282941325
1282981849
1283017325
1283046728
1283089166
1283125994
1283186615
1283358677
1283745800
1283922284
1284046992
1284107448
1284217800
1284345609
1284402864
1284436623
1284547998
1284584133
1284664884
1284832557
1284916839
1284961917
1285096195
1285102399
1285183282
1285246708
1285416361
1285448239
1285811107
1285906312
1285983433
1286152361
1286211992
1286230010
1286246609
1286255024
1286464475
1286758604
1287650298
1289095997
1289120021
1289178629
1289228459
1290132099
1290437481
1290858066
1291448239
1291819555
1292071511
1292149952
1292212454
1292316272
1292600072
1292648153
1292772629
1293010791
1293129228
1293260304
1293354420
1293416097
1293525921
1293659967
1293777975
1293841467
1293862752
1293901461
1293945747
1293958287
1294057354
1294069234
1294124443
1294226116
1294246873
1294600204
1294746130
1294933966
1295088704
1295122232
1295378411
1297343629
1305298947
1307750618
1309777546
1316990363
1317388113
1317469029
1317545061
1317652839
1317695046
1317752961
1323354420
1323475959
1324975843
1325039666
1325106755
1325142065
1325235059
1325288981
1325361548
1325472527
1327611952
1329513777
1329699303
1329785565
1329869550
1329929115
1330039600
1330077154
1330125829
1330232353
1330338085
1330383757
1330454113
1330473979
1330550968
1330561495
1330650925
1330674751
1330689139
1330746130
1330771804
1330829587
1330855096
1330895356
1331117513
1331125895
1331211332
1331287496
1331410916
1331556446
1331571131
1331621687
1331755667
1331864963
1332086262
1332319341
1332623535
1332685641
1332752565
1332776292
1332808368
1332887403
1333102696
1333208329
1333726627
1333872685
1334042702
1334292215
1334366828
1334506385
1334751575
1334793551
1334807081
1334880143
1334945186
1335174999
1335598191
1336315942
1337027984
1337114312
1337241659
1337365970
1337547767
1337880440
1338051117
1338238161
1338380028
1338561198
1338568524
1338611721
1338686532
1338823746
1338939279
1339093291
1339169059
1339178761
1339230142
1339298452
1339327195
1339341352
1339368808
1339420420
1339458304
1339579777
1339694848
1339756591
1339880803
1339913605
1339964689
1340016170
1340047586
1340173316
1340232815
1340452562
1340497508
1340519156
1340594891
1340723393
1340827244
1340884367
1340921459
1341219516
1341407616
1341572880
1341913671
1342092763
1342289575
1343489390
1343603570
1343937398
1344179685
1344496386
1344735042
1345596442
1345833646
1346077286
1346100353
1346180543
1346394614
1346496584
1346518133
1347010890
1348344223
1348540804
1348607563
1348694947
1348720522
1348823317
1348894234
1349040887
1350084546
1353561825
1353961092
1353996798
1354039303
1354615219
1354787974
1354957660
1355036135
1355107316
1355173646
1355362307
1356178035
1356569481
1356630432
1356737022
1356770418
1356823779
1356958155
1357016071
1357146784
1357322278
1357333564
1357439725
1357449724
1357511203
1357617727
1357690525
1357749166
1358521862
1358596310
1358638154
1358772926
1358818037
1359085965
1359115632
1359626901
1359686037
1359744117
1360776160
1360787776
1360803418
1360875919
1360922251
1361084711
1361227931
1361558888
1362161964
1363017820
1363759660
1364239646
1364551100
1365583638
1366041283
1366059796
1366112200
1366227370
1366291258
1367034320
1367167937
1369999570
1370141504
1370391710
1370523875
1384731940
1385125829
1385271326
1385351252
1385409992
1385582582
1385627165
1385641157
1385717684
1385777183
1385821535
1385862389
1385955284
1385969045
1385990858
1386053196
1386246807
1386280896
1386407781
1387021879
1387886710
1388320661
1388452001
1388721545
1388759726
1388828135
1388891429
1388954558
1388976437
1389625449
1389756756
1390568821
1391233244
1391896016
1392053163
1393511929
1393544071
1393770418
1393959145
1394090486
1394205425
1394310860
1394553707
1394729069
1397738111
1399453882
1399573771
1399693297
1403660198
1404636537
1404744051
1405201102
1405268851
1405327987
1405408804
1405574926
1405702867
1405785004
1405982278
1406049533
1406142032
1406168135
1406383691
1406466653
1406527373
1406632379
1406685707
1406983004
1407056991
1407120120
1407156552
1407191829
1407305151
1407393921
1407409761
1407619971
1407759099
1407853545
1408123684
1408358578
1408713130
1408897930
1408953601
1409559152
1409700260
1410968253
1411905454
1412025971
1412280962
1412415503
1412517770
1412643104
1412715044
1413028941
1413420948
1413761574
1414072996
1414172128
1414360360
1414451044
1414548064
1414564663
1414670725
1414768504
1414888888
1415000000
1415182160
1415322410
1415718014
1417651585
1417772596
1417939345
1418007392
1418107613
1418226050
1418282546
1418379236
1418546843
1418617166
1418742203
1418797379
1418871497
1418897336
1418931194
1419052569
1419121044
1419175560
1419201894
1419208428
1419435501
1419660528
1419679998
1420531036
1420650760
1420922944
1421579711
1421621126
1421693990
1421941853
1422222189
1422254067
1422301719
1422742137
1422921294
1423151899
1423281655
1424196251
1425036366
1425312015
1429371877
1432914430
1433309243
1433391545
1433598752
1433609312
1433693990
1433801504
1433901098
1434040095
1434100947
1434124146
1434383460
1434400851
1434407880
1434506880
1434834570
1434915519
1435401082
1435516021
1435595485
1435630630
1435657954
1435711084
1435727716
1435746559
1435790020
1435819027
1435842919
1435925122
1436112299
1436136653
1436174042
1436253374
1436276738
1436316272
1436522093
1436807147
1436921954
1436987690
1437038808
1437250833
1437343101
1437568689
1437652674
1437779856
1437881760
1437925419
1438251625
1438434478
1438474507
1438490644
1438528033
1438864237
1439033330
1439248160
1439618849
1439761970
1443101046
1444513612
1444661683
1444672672
1444860970
1445003102
1445855294
1446122001
1446135762
1446206943
1446213411
1446331650
1446412830
1446549219
1446606012
1446636240
1446644853
1446834801
1447172755
1447323037
1448149655
1449073656
1449186252
1450151272
1450327558
1450414381
1450584925
1450619212
1451135696
1452739959
1455273438
1457253209
1458923109
1458951324
1458987360
1458996699
1459138105
1459324852
1459367389
1460326799
1463100353
1463190146
1463361977
1463923439
1464376794
1464570834
1464671055
1465157575
1465367719
1466421575
1466477444
1466581427
1466617067
1466667920
1466695145
1466712635
1467021120
1467223344
1467286671
1467330627
1467371415
1467425667
1467459261
1467901956
1468023430
1468173712
1468209913
1468481305
1469738969
1469956109
1470128964
1470167607
1470186351
1470481371
1470603933
1470667194
1470757053
1470820380
1470897501
1471097779
1471404250
1471515427
1471838365
1472146586
1472264660
1472353364
1472696201
1473350064
1473494142
1473695442
1473847341
1473971916
1474156486
1474221067
1474288090
1474388014
1474475464
1474686268
