243809820
243939213
244224037
244479886
244619146
246960663
249715176
250493647
252709731
255064119
258281787
258342837
258410223
258438438
258566082
258611061
258713163
258916212
259037356
259054714
259073029
259084744
259312378
259380127
259464013
259471669
259697125
259761904
260161238
260222816
260382437
260515427
260624525
260669009
260760386
260790878
260928059
261020658
261084183
261102531
261238392
261248919
261323004
261360822
261436128
261556116
261644985
261803451
261875028
262302643
262364023
262424248
262445797
262536085
262591492
262636933
262747747
263060720
263333399
263998052
270047058
270909513
270959409
271993069
273607761
274456555
275771804
278607167
278989010
279424083
279594726
279992376
280040029
280079002
280133650
280232419
280248193
280368082
280399036
280486453
280495264
280514668
280566676
280605946
280625647
280652575
280680757
280725802
280752631
280764676
280782463
280830676
280852852
280893343
280940335
280953337
280968517
280978747
281016005
281026664
281088341
281112035
281123288
281133320
281189387
281209814
281248193
281257433
281277365
281286440
281326436
281341319
281364386
281375639
281393096
281405009
281447348
281482889
281546579
281601557
281615054
281658251
281674916
281697785
281753720
281785235
281792594
281805068
281958155
281967857
281994455
282017787
282047685
282081642
282095568
282106920
282132330
282159357
282212256
282243804
282265419
282278586
282373230
282381513
282395010
282425865
282489687
282523611
282535227
282544566
282582945
282623799
282650034
282702372
282731181
282733491
282763290
282822096
282831171
282850872
282895389
282935088
282959343
282978252
283020988
283118470
283184833
283252615
283270798
283280137
283325017
283335709
283347028
283405636
283433983
283480315
283509751
283587400
283646800
283686268
283776655
283852522
283937431
283970431
283987723
284067617
284141570
284378939
284468897
285023760
285415272
285982146
286025641
286482724
287277365
288526845
288603867
288869154
288888360
288944493
288957429
288996006
289053658
289073524
289084942
289096096
289115995
289200310
289210342
289261888
289346863
289356796
289383592
289395736
289408144
289428571
289449988
289473979
289492624
289524139
289563970
289579447
289623469
289738045
289759924
289786984
289841698
289943602
290021879
290073755
290167310
290245190
290375639
290396825
290404745
290524271
294962511
295512853
297760254
297840312
298038676
300332937
300619905
300679668
301081312
301235818
301314721
301324852
301367851
301411246
301422796
301526581
301797247
301862851
301947694
301997656
302035409
302112695
302219120
302261921
302312477
302368610
302475398
302491238
302577434
302672111
302734778
302750321
302792198
302811008
302954393
302978549
302996270
303142692
303214995
303350592
303461406
303601821
304259479
304405372
304582318
305848067
306579282
306912978
307051084
308840411
309962676
310354783
310389268
310463452
310603207
310664521
310741378
310750585
310787479
310803814
310854832
310920799
310985116
311023925
311029469
311048114
311062733
311071379
311109923
311138039
311148863
311211662
311224367
311258456
311274758
311288288
311301125
311314754
311328845
311355311
311375540
311397155
311405867
311429495
311519948
311569151
311582054
311590634
311680130
311687357
312116094
312160149
312194370
312241362
312323763
312454707
312471009
312589941
312704352
312784047
313033264
313054549
313252186
313817674
313927135
314149193
314693264
314903870
315222948
316321849
316411477
316611523
316617034
316819786
317816123
322328713
322699864
325479028
330082434
332104082
332191862
332258192
332387453
332399960
332411213
332449097
332513051
332517308
332577632
332584595
332592449
332632214
332642675
332672606
332687885
332715044
332733788
332755733
332770781
332788535
332821964
332842589
332904530
332961488
332969903
333060258
333160611
333199914
333251922
333266244
333278817
333296340
333314556
333330099
333344784
333363198
333377025
333478137
333493944
333512127
333522588
333566742
333612513
333631818
333640299
333698082
333715836
333743028
333753852
333808764
333834801
333895158
333972576
333990066
334011253
334035805
334048807
334085635
334112497
334143649
334159918
334177177
334244431
334259809
334291786
334305646
334317889
334329802
334388872
334412797
334442332
334457743
334471966
334484638
334506451
334520641
334573243
334591162
334671550
334693693
334725208
334818136
334841500
334859089
334877800
334901329
334928191
334957099
334984885
335026004
335073656
335123651
335151437
335234630
335262383
335292182
335322476
335402534
335433521
335449394
335487443
335503580
335528627
335547239
335610863
335680493
335693198
335732072
335778536
335819720
335872685
335951951
335983334
336006666
336074448
336233970
336266805
336281391
336414612
336451605
336479094
336488532
336544137
336589017
336765006
336776622
336813681
336827013
336880836
336946935
336998943
337026202
337052602
337095634
337127842
337185592
337274593
337309936
337331122
337371811
337383130
337455202
337473253
337581460
337662508
337711480
337768702
337860574
337877404
337888228
337944592
337956472
337971949
338039600
338130482
338251955
338323763
338414810
338443883
338465465
338688413
338783849
338848298
338882981
338898326
338935682
339019272
339043329
339145860
339276606
339480480
339513843
339596970
339899613
339912549
339983796
340027027
340052932
340130548
340164538
340229713
340256113
340275319
340327030
340457149
340521433
340580536
340604032
340617562
340666864
340689172
340809226
340902088
341043230
341063162
341083457
341141207
341273438
341457149
341490776
341597630
341828333
341849519
341879384
341929577
341943008
341981684
342133089
342202092
342285285
342385473
342409497
342562848
342603438
342647328
342668976
342680922
342906972
342977328
342987162
343034518
343088770
343126588
343148401
343185394
343278685
343329472
343355938
343430848
343479853
343545094
343578490
343723492
343828828
343830511
343845295
343905157
344030888
344167442
344258225
344276243
344286539
344438405
344495660
344657393
344868725
344892782
344970365
344993597
345003267
345024222
345044385
345063921
345078705
345111177
345505395
345628221
345825033
345890934
345915387
345934197
345976173
345986964
346052404
346115302
346146289
346303138
346392865
346511995
346618156
346663564
346691581
346746031
346791868
346814902
346852291
346942909
347032703
347118041
347158796
347236676
347267135
347317064
347418869
347574893
347656040
347707520
347821535
347844470
347876843
347927465
347941886
347967857
348028677
348086823
348125004
348201960
348332607
348411906
348434412
348488301
348519585
348557337
348779196
348794244
348844503
348873543
348891792
348952215
349023430
349036168
349048444
349086757
349150579
349160380
349827013
349856053
349909480
350010230
350095106
350162162
350173151
350247698
350262218
350278091
350765765
350798732
350840378
350945252
350959277
350977691
351205392
351264627
351409893
351462363
351539022
352015411
352036003
352262548
352273075
352284988
352599247
352645612
352714978
352779526
352795597
352908292
353034287
353052206
353095898
353227205
353359238
353445005
353455169
353672111
353791868
353930303
353947859
354022803
354035574
354142362
354178794
354243870
354316239
354354057
354515361
354747153
354789690
354873147
355008085
355239448
355334158
355587400
355600864
355656502
355674124
355698313
355727947
355743424
355772497
355863412
356053394
356229713
356242286
356267069
356278454
356428538
356476487
356505890
356568227
356738540
356746130
356816552
356959079
357110484
357123123
357136818
357196548
357252648
357334983
357422796
357444180
357466356
357493020
357509553
357907632
357934923
357975018
358086328
358202092
358241923
358244365
358326634
358339570
358391314
358424116
358484473
358671649
358778635
358856845
358990891
359077979
359102399
359133716
359177540
359286374
359405702
359615384
359677655
359776886
359921690
360180147
360669174
360704781
360800514
360836847
360917730
360987393
361043329
361190575
361238887
361292512
361361548
361386694
361537669
361609576
361779295
361823152
361838233
361943767
361997161
362013794
362031218
362134937
362206877
362340131
362464673
362525789
362613305
362638814
362771837
362804408
363373032
363414216
363466488
363742302
363746823
363778635
363807840
363825429
363922284
364031284
364073854
364240009
364257136
364380721
364402600
364485958
365231594
365449955
365526284
365569514
365586839
365618453
365632709
365694023
365738705
365940929
366107382
366172260
366297066
367749826
369492789
370355740
371970167
372217338
372302181
373028776
373678744
374474276
374690558
374790317
375247170
376948981
379126093
382460680
383227304
383275979
383356763
383372042
383448206
383474507
383508893
383550011
383586542
383670560
383776391
383847836
383941886
384080223
384147345
384286440
384350658
388177408
388324258
388721875
388797181
388845922
388856647
388867570
388911889
388939444
388947001
388993234
389007062
389028908
389037356
389072567
389276540
389328218
389345345
389403986
389598851
390243804
390518925
390656040
390706860
390733029
392207669
393351780
393434643
394751740
396474837
397352671
397360591
397437019
397473088
397494307
397630531
397756195
397821568
397842523
397860244
397915915
397954492
397965019
398013761
398031284
398055836
398078243
398087648
398132396
398141273
398151305
398199518
398216183
398276309
398286572
398402270
398412995
398428835
398552321
398656865
398676698
398714285
399042636
399392634
400671649
405685707
408054516
408120054
408162723
408178167
408240966
408260436
408274494
408293436
408326139
408341088
408348480
408365112
408375507
408390918
408420717
408435138
408459525
408470349
408487014
408554565
408586113
408624789
408650694
408770220
408819786
408829851
408849288
408855921
408917136
408943734
408958419
408966999
409051909
409067188
409113949
409138138
409185691
409198495
409212091
409228327
409281556
409318186
409413787
409447678
409459690
409529386
409572979
409603339
409632049
409675708
409689238
409709071
409758703
409777612
409842391
409859716
409870507
409878691
409896049
409995049
410026367
410114906
410130779
410165924
410182556
410312543
410323598
410342837
410442761
410455565
410520938
410527901
410557040
410572055
410765897
410782991
410825990
410851664
410880341
410892617
410935913
410982674
410996171
411032076
411100221
411172689
411358776
411401610
413410784
413942909
414765237
417612546
419542058
419622413
419690129
419814968
419926376
419979374
419996996
425602679
427085635
432672243
432712668
432802791
432821502
432838431
432944988
433032703
433116490
433249975
434013530
436994422
439431409
441035277
441514503
441692472
441703494
441717486
441762168
441782727
441793716
441820677
441840741
441858396
441883278
441940632
441950235
441997161
442086757
442133716
442193479
442231627
442244662
442319407
442433290
442471702
442525624
442554697
442643137
442664719
442692307
442722700
442732039
442743523
442798831
442894960
443011022
443030360
443149787
443178695
443197472
443268686
443329472
443366432
443390456
443472593
443508497
443536118
443570768
443597696
443647724
443656040
443674289
443685773
443701844
443746691
443791175
443848991
443971619
444052173
444062535
444075009
444108702
444133683
444216480
444260535
444386529
444474177
444505395
444515328
444567963
444621984
444749727
444778536
444939378
445029139
445047322
445169554
445190014
445212949
445332145
445571791
445591624
445611028
445833019
446047256
446155727
446359106
446833514
446896247
446981387
447192522
447650265
447726429
448822327
448879153
449051216
449206382
449323037
449343035
449363759
449400389
449430815
449505725
449518496
449543279
449612249
449714351
449721314
449738573
449752334
449778866
449797049
449832293
449859287
449914496
449991980
450001056
450042174
450081840
450201927
450372009
450446622
450467412
450478599
450490017
450515955
450554499
450640398
450771276
452982014
453302841
453355674
453371778
453466851
453480975
453488268
453515757
453544170
453609873
453633303
453644655
453690657
453737484
453746229
453769164
453809589
453815892
453845328
453863280
453907896
453925584
453940797
453954129
453979011
454038709
454060819
454094446
454113388
454132066
454186780
454235983
454416823
454460647
454480447
454564300
454580470
454612381
454624393
454655347
454679734
454778701
454785895
454798864
454815892
454864930
454902715
455012738
455022770
455042273
455065835
455088044
455156948
455170247
455270732
455282216
455294096
455308550
455415536
455435171
455448371
455461340
455540309
455683001
455694089
455743259
455754347
455795168
455861333
455914430
455942975
455956340
455965778
456011715
456046002
456060060
456061083
456130746
456174768
456280203
456310134
456340890
456433158
456550935
456734019
456771408
456856977
457087978
457104544
457116952
457729894
460557667
460571395
461383823
461898194
462035277
462435798
464319407
464448041
464819489
464879813
464959508
464967758
464980727
464990495
465060258
465100782
465116094
465160380
465202818
465220374
465298419
465314688
465334455
465352077
465366069
465404283
465441342
465605979
465621720
465640695
465692472
465725802
465745635
465765633
465780483
465798402
465827970
465889515
465917532
465977757
466172260
467067155
468393888
470183645
473683661
475848826
475909315
476039600
476050919
476133617
476151833
476172821
476368907
476407649
476436392
476496287
476509091
476529815
476548460
476632775
476639177
476651123
476660429
476698247
476724053
476733491
476780021
476811701
476875094
476890802
476915552
476979539
477019866
477045408
477121902
477153549
477165330
477190311
477202224
477220308
477233112
477246345
477268356
477360228
477375309
477454641
477482064
477533346
477596310
477630927
477643038
477711777
477758274
477786423
477857736
477873048
477922680
477967461
477997128
478068640
478168102
478230208
478350724
478395109
478430386
478440616
478481998
478508233
478583308
478624624
478723987
478753951
478857208
478911658
478927564
478967956
479194898
479230571
479361581
479866514
480107547
481569250
485453123
485511335
485540573
485584529
485596838
485622743
485631950
485695178
485744216
485827145
485930204
485938322
485946869
486003003
486078210
486101310
486167541
486182952
486195921
486204369
486243243
486273438
486332574
486360162
486408672
486431409
486441507
486505725
486516054
486530541
486578589
486603438
486621918
486638946
486690723
486706332
486723129
486812493
486875952
487216942
487285582
487386958
487420981
487498069
487538032
487644061
487719070
487834075
487868131
487887403
488039402
488319671
488454938
488522225
488565950
488642873
488737979
488934956
491536019
491773487
491815067
491964590
491970497
491993729
492072897
492084282
492098901
492166452
492175791
492190212
492209847
492233937
492243309
492270930
492282414
492301422
492316074
492379368
492397947
492423687
492459261
492469821
492480612
492510576
492523182
492552618
492564663
492580404
492648846
492665313
492693594
492707982
492773520
492782463
492795861
492858858
492895455
492979407
493008844
493076857
493250239
493289608
493565752
493619113
493657987
493729696
493808896
493860970
494418011
494485100
494537273
494686136
495022902
495039105
495052305
495948354
497743292
497904728
498963501
499234432
499282810
499624327
499722964
507109923
509401577
509415470
512867537
512897336
512926475
512959739
513024156
513075438
513092235
513112794
513119988
513182292
513192258
513201234
513244662
513253572
513273537
513281226
513298617
513321024
513363330
513387816
513910635
514676665
515099132
515619674
517415536
517432498
518378774
518695475
518902715
519836253
520375903
520641487
520737154
520843909
520849750
520860541
520868197
521087813
521156288
521414843
521499554
521505989
521768240
521980859
522047652
522065241
522072006
522110385
522149160
522191565
522238095
522280830
522306636
522345477
522352968
522366465
522403194
522435402
522452001
522542454
522558888
522618816
522631521
522648054
522663003
522697752
522710226
522726825
522794574
522810381
522838827
522864534
522878493
522911955
522929049
522949608
523007029
523030657
523044385
523084975
523142824
523156486
523175395
523184206
523248490
523341616
523654555
523910173
524516483
524586608
526923274
527456852
527918324
528643071
529418539
529789525
530944526
531157806
532659571
532757581
533512193
535418836
535468831
537475563
544178299
545665907
549598653
552973434
553293799
554658977
554873675
555220737
555257169
555296010
556850641
559268686
559680889
559946605
560249975
560328911
562012672
562123816
562387651
563532224
564044055
564300036
564330066
564410619
564446721
564464277
564545655
564591030
564620994
564679503
564724119
564791835
564801438
564809028
564976569
565065637
565101376
565112794
565161469
565173745
565230637
565259149
565303006
565323730
565338382
565396495
565473781
565516021
565583209
565679602
565752466
565803121
565897699
565974622
566030096
566058872
566079398
566082269
566125202
566159753
566174933
566183381
566262515
566337491
566386232
566395868
566463617
566526548
566565356
566598653
566625515
566748176
566806685
566814341
566830412
566840543
566910536
566931260
566954723
567030558
567155628
567333531
567453255
567562716
567842721
567929940
568372768
568471834
568540408
568585090
568657096
568682572
568706398
568798303
568835527
568845625
568854568
568900306
568927036
568937563
568959640
568995940
569008613
569194601
569219912
569240900
569279477
569532422
569579612
569679140
569737484
569788073
569812625
569869550
569903210
569914694
569945186
569957099
569990759
570019932
570113355
570186945
570225654
570354882
570370359
570413028
570629409
570663267
570857571
571063855
571125664
571223146
571235290
571300069
571388212
571403524
571599907
573865293
573943536
574202488
574304095
574316701
574333927
574357588
574428670
574503712
574727914
574876249
575019668
575150084
576993531
580709368
580846285
581637725
583145695
583174768
583224169
583237765
583446655
585747252
589574695
590419760
590503118
590571692
590581889
590682143
590710952
590755601
590781869
590863082
591017622
591079068
591092301
591208725
591326007
591400257
591690921
591721776
592200376
592278091
592288882
592342144
592396429
592405801
592454641
592515196
592526845
592574959
592597663
592613272
592686763
592724944
592735900
592764214
592850377
592878922
592931161
592936837
593128304
593137742
593176748
593224730
593279543
593306174
593315579
593438009
593532059
593602844
593711513
593845790
593976107
593997722
594061743
594102498
594117876
594178992
594573672
594656997
594938190
595040095
595095997
595118569
595126720
595167013
595191730
595333696
595441045
595599082
595689106
595986403
596437679
597771177
598154968
598232881
598245289
598560076
599529452
600121836
600157443
600329769
600344454
600361911
600375738
600431673
600447348
600497574
600514635
600520773
600562353
600604857
600642939
600668250
600677193
600848067
600861234
600880143
600899250
600914298
600929643
600968022
601014916
601033396
601072270
601084876
601095997
601108438
601154704
601198759
601341121
601398211
601488202
601536679
601706134
601738540
601891330
602020526
602299244
602456126
604846318
605456984
605522852
605532719
605556116
605569481
605576378
605646074
605665346
605705276
605713625
605742632
605782397
605783948
605925947
605960003
605977130
605984489
606046299
606053592
606063888
606127347
607082731
608940005
609782595
611587730
611710985
611787611
611916344
612433587
612875424
615532686
617306669
618234828
618471207
618491799
618696531
618704022
618743259
618790845
618925947
618954888
618961983
618997458
619021384
619033297
619057156
619071511
619122364
619146850
619187968
619230835
619281556
619291522
619301752
619382074
619525294
619571989
619605517
619617661
619699600
619710688
619717915
619728112
619750486
619764577
619777414
619789195
619809919
619816189
619863973
619892815
619923439
619937299
619944328
619981453
620003498
620069036
620076923
620093951
620114741
620125895
620141999
620157971
620247269
620262350
620285648
620303237
620326667
620389103
620407517
620453816
620468270
620504867
620571164
620622380
620677589
620740322
620770649
620818499
620874104
620885786
620949245
620961026
621065967
621081345
621114246
621125202
621145992
621166353
621180807
621215358
621237534
621267168
621285219
621312378
621327030
621355905
621377520
621420750
621438207
621460548
621477642
621526317
622619608
623423522
625052371
625146289
625883608
626261921
628099825
628457974
628482691
628502128
628576444
628589545
628645546
628702339
628732963
628757185
628768768
628791439
628819753
628858957
628905916
628983037
629090354
629193875
629284625
629290994
629439230
629534204
629571527
629582120
629616902
629629013
629674619
629701382
629767877
629801570
629833052
629949113
629978549
630074283
630095535
630132792
630160347
630177870
630239481
630251559
630287991
630302610
630338613
630348150
630389532
630436326
630470415
630477873
630493350
630517209
630539484
630573936
630585915
630608817
630616407
630660033
630700161
630725901
630738606
630824175
630845988
630904431
630965382
630976239
631014685
631032208
631108933
631178035
631225687
631269973
631322971
631339108
631377784
631393492
631416922
631466950
631547635
631568227
631618717
631640794
631770286
631901857
631925254
631927432
631950829
631984324
632162624
632877404
632934164
634185625
635092169
637254826
638599445
638774807
639402600
639695772
639697983
646880737
647625647
647715935
647985842
648311256
648482955
648763752
649122760
650874236
654098043
654150282
654222189
654235323
654246873
654277860
654336831
654347622
654449262
654531234
654549582
654664983
654691317
654770814
654909810
654955218
655012903
655039798
655068079
655077451
655084414
655106788
655122727
655151371
655192192
655241296
655273372
655345609
655356796
655358413
655595056
655618321
655635415
655647592
655740520
655858660
656051579
656067320
656087252
656113652
656140184
656151140
656161040
656166056
656175362
656214302
656216282
656321057
656458964
656619773
656652245
656683892
656690987
656703824
656749793
656902649
656942909
656980298
657004851
657024486
657051645
657059862
657122430
657173745
657180840
657200772
657227535
657255486
657281160
657333366
657346632
657359403
657399531
657436491
657482790
657539715
657592383
657652740
657737451
657816222
657967065
658161007
658222354
658325083
658532191
658699699
659236940
659439593
659585981
660105897
660393525
660433092
660490446
660532191
660571791
660625020
660727617
660740982
660753093
660763818
660783618
660843216
662054219
662125862
662322905
662919182
665416922
666393327
666749298
667478104
668904200
669842886
670385077
670518661
672222783
672653301
672713592
672807807
672860145
672887040
672909249
672924528
672975612
673048345
673066165
673201597
673210309
673246774
673253968
673267696
673312213
673330660
673403227
673425766
673903045
674054384
674089727
674131241
674184107
674566148
674805992
674918489
675054483
675202785
675533544
676911163
676919611
676941358
676948453
676959310
677015048
677075471
677084480
677139656
677178266
677184338
677272448
677304788
677318318
677458997
677484770
677504174
677572748
677582186
677595188
677621258
677674883
677719532
677892287
677958650
678072963
678420915
678531102
678575157
678776127
678810348
678880902
679123189
679193017
679282678
680195855
680449724
680521994
680576642
680590733
680597531
680630663
680640134
680648285
680680064
680689997
680697521
680784212
680809424
681219912
681736758
681853182
681933207
681954129
683393921
683643632
686381744
686470910
686494406
686990957
688075966
692415173
695626505
695628551
697900306
697905256
697914793
698140415
698410883
698415008
698422037
698562353
698584991
698610599
698663663
698744711
698788073
698820578
698849354
698868362
698907302
698993135
699014025
699026763
699042405
699057651
699127974
699143715
699160512
699186978
699196119
699202752
699219780
699239448
699279807
699301290
699343101
699398112
699431244
699479853
699550176
699567072
699753159
699850542
699963006
699997029
700031416
700043263
700060126
700085206
700095106
700109923
700308550
700336963
700399003
700433620
700449790
700479952
700498564
700708312
700723162
700734448
700744381
700800976
700813450
700821304
700854469
700868560
700904695
700944625
701033330
701209022
701218955
701231429
701245586
701275748
701285483
701344487
701505197
701516549
701576741
701629409
701785631
701800580
702073095
702090684
702189387
702252120
702264726
702332277
702343992
702380589
702430188
702466323
702508695
702514041
702519156
702564498
702578787
702594825
702619905
702676236
702750849
702806388
702843810
702882717
702912549
702948387
702975744
703015774
703032142
703057453
703085206
703093786
703121308
703144705
703159093
703179817
703200904
703215292
703225423
703252648
703338349
703359172
703603867
703804969
703867240
703979374
704041514
704091707
704100254
704390984
704431805
704434313
704523809
704560769
704574134
704597201
704637725
704668613
704703197
704754248
704780780
704792594
704813549
704894795
704973533
705010032
705029832
705041646
705058608
705119262
705227238
705244761
705256839
705303765
705316800
705389070
705524172
705649968
705775104
705797115
705876282
705919017
705951258
705971322
705990231
706033264
706165891
706218559
706234960
706252516
706262944
706303006
706333564
706523083
706593637
706645975
706663003
706673662
706688677
706733986
706799557
706861102
706980958
707112101
707179124
707206712
707222354
707260535
707344388
707354915
707399366
707424809
707498696
707560934
707635976
707661287
707748506
707804969
707863280
707912087
708004554
708183546
708224598
708578523
708601227
712753192
712864171
712914793
713853545
713859320
714120384
714565719
714723756
714813384
714999240
715025311
715068112
715126720
715150777
715157179
715168861
715344190
715371052
715464475
715541596
715564927
715574728
715582813
715599511
715626505
715706200
715729498
715763884
715775500
715804276
715834339
715844734
715870342
715879780
715888789
715933009
715957792
716022077
716043263
716056694
716097812
716156519
716199485
716303138
716312048
716322212
716339570
716355839
716377421
716426690
716486024
716568194
716605484
716691251
716870771
716897270
716936408
716964557
716974787
716987690
717030690
717045771
717076494
717094743
717135465
717143352
717170247
717221991
717311091
717331188
717349239
717362901
717410916
717446358
717460482
717492657
717507738
717561594
717575421
717589479
717643203
717655083
717695508
717706893
717728343
717755832
717775896
717795795
717853380
717919644
717933141
717943206
717959046
718044088
718058377
718074778
718172788
718210771
718221628
718290796
718340362
718388212
718495957
718610401
718700326
718721644
719054681
719105699
719204006
719337062
719401082
719607794
719688809
719727320
719820644
719996171
720435600
720885159
721294327
721350592
721374682
721384384
721400752
721442728
721471900
721499422
721534402
721758307
721783354
721826716
721920832
721932778
721966735
721991320
722035079
722060852
722095106
722106161
722170940
722254562
722315117
722536052
722561495
722571890
722733821
722823911
722843810
722931755
723073194
723105237
723263505
723330363
723369897
723418242
723454179
723476718
723490083
723539055
723591987
723647064
723664356
723739629
723848430
723922944
723996897
724146718
724240966
724257532
724393690
725493119
725612513
725613734
725646239
725957000
726089265
727165759
729003267
729268785
729778140
731435237
732403887
732704418
733344718
733729069
734832062
735623370
736612414
737526284
738618585
738639474
738848826
739366795
739415734
739460878
739475200
739495594
739542751
739566478
739576312
739583176
739667623
739691317
739742467
739766623
739815727
739840180
739878064
739981057
740009801
740038841
740060225
740073029
740101475
740119526
740146091
740166089
740277299
740328449
740359964
740418803
740437745
740464541
740527967
740546711
740581295
740601557
740622743
740633996
740641388
740727188
740755733
740782397
740800910
740808104
740815826
740833184
740876348
740932580
740948717
740956703
741033462
741070389
741103158
741163779
741227733
741304491
741311916
741387882
741441903
741459954
741500049
741533808
741544434
741564531
741582912
741607101
741613239
741650265
741665742
741725670
741902088
741961950
742156816
742198462
742387915
742972906
743248820
743390687
743669141
744158730
744598653
745179949
747783288
747913044
748244200
749837540
754426327
755904728
756021813
757388773
757805794
758453981
758644622
758749859
759138666
760621786
761439230
761751344
762220803
763079332
765636438
766243441
767395340
767761607
768398904
769422565
769753588
770161898
770906609
771061446
771243507
771252912
771276078
771284625
771398838
771554334
772267696
772577137
772749694
772813780
772850839
773108834
775941193
776917664
778601656
779790053
782307131
782953106
783114609
783805464
785109329
785860046
786537768
788702801
788815694
789859848
790432432
790577302
790595683
790625383
790637824
790689172
790698544
790728640
790807246
790815397
790868857
790906081
790919776
790966966
791062205
791168795
791182292
791189651
791198066
791246015
791299178
791302544
791346797
791362934
791393624
791420321
791429726
791440154
791448767
791536415
791580932
791647724
791705144
791798006
791806421
791824208
791842853
791860013
791871035
791902682
791956373
792075174
792114411
792154968
792180312
792220176
792240702
792264891
792386430
792501732
792840675
792853479
792935814
792982014
792990957
793052569
793069597
793083853
793112299
793136752
793150744
793161304
793179718
793200706
793254133
793279246
793366432
793393789
793477939
793517539
793534963
793564828
793576147
793739860
793790086
796298419
796363099
796364320
799311487
799444345
799650694
799797676
799950763
800190146
801108834
801111705
804817377
805176847
806924528
807172755
810575025
812349371
812490248
815587202
815610731
815707289
815733359
815815925
816194205
816503184
816527967
816624822
816740322
816912120
816937563
817107943
817460185
818732006
819395241
820188661
820663795
821017358
821453420
823207405
823232023
823253704
823382701
823530409
823571362
823651783
823739893
824096228
824538395
824626571
824634062
824666600
824681945
824717981
824747219
824771045
824797313
824822294
824849651
824868593
824935154
824978285
824992937
825004092
825039303
825053889
825072468
825148269
825180576
825189321
825212817
825234762
825256245
825276573
825298881
825325776
825350955
825380292
825393492
825409464
825426888
825445566
825471075
825490248
825501039
825513546
825540903
825549021
825562980
825578754
825612117
825625581
825638385
825718773
825760188
825851037
825860442
825892023
825912285
825971058
826003894
826034287
826046563
826071181
826088572
826124872
826153351
826176022
826212685
826229911
826301587
826328878
826339999
826373593
826402138
826448272
826478368
826500214
826517176
826622875
826633732
826644688
826661749
826694056
826755997
826801702
826907302
827043494
827589776
827723921
827802296
827859452
827886149
827964986
828026202
828119064
828126489
828221232
828232452
828239481
828250734
828282744
828295482
828302709
828353760
828364254
828372636
828396264
828413787
828444444
828464541
828476058
828491964
828533841
828585915
828608685
828654027
828692835
828714648
828767910
828795135
828851004
828910338
828962709
828995280
829010923
829106227
829129393
829156024
829377256
829843051
830827739
830950466
831187671
832738177
832923208
833347358
833422763
833445401
833505626
833532719
833613008
833732171
833750189
833774510
833971817
834400257
834416592
834684783
834691482
834781836
834794343
835097350
835537174
835599676
835753753
835845064
836108669
836166584
838884367
839938553
840361878
840606474
842897699
844016401
844658416
844880572
847137115
847440154
847479853
847490644
847525459
847535524
847576873
847639507
847874731
847888954
847900207
847926904
847933537
847953370
847997755
848006171
848038181
848072963
848091905
848153681
848200442
848218526
848246213
848298155
848361284
848381843
848405702
848458271
848498234
848507606
848524172
848534600
848543147
848559548
848573375
848616737
848643170
848661122
848679932
848735966
848768702
848798006
848843909
848863643
848959310
848970926
849003762
849013728
849038775
849052470
849080652
849092268
849098604
849278883
849303567
849340857
849358479
849376563
849393789
849407781
849419166
849451275
849480579
849496419
849503250
849508860
849537966
849552651
849575685
849587235
849649110
849658779
849724713
849743820
849779658
849904266
850122661
850195987
850574299
850585222
851115269
851165066
851246939
851533775
851833514
852002805
852063690
852866778
852957792
853011517
853040029
853046827
853194733
853244629
853254661
853263010
853313896
853328614
853353760
853365970
853394878
853410091
853436755
853475596
853498828
853562716
853574596
853582483
853612678
853658515
853670758
853700590
853719400
853762828
853784179
853806982
853863907
853878130
853917763
853930765
853982311
854085470
854091212
854130218
854149457
854185493
854192753
854215985
854232023
854284229
854324060
854371217
854395340
854425502
854484671
854497310
854512424
854557733
854575157
854624228
854640068
854677919
854717453
854745668
854778932
854840015
854856053
854879879
854913341
855031878
855045408
855122067
855156618
855214731
855270369
855281952
855336039
855384153
855424314
855440682
855469425
855489951
855510411
855559119
855625713
855720324
855730389
855791142
855853941
855875292
855910107
855992178
856024849
856055968
856094347
856110649
856208857
856252351
856274692
856323433
856337623
856359733
856416328
856453519
856517143
856539682
856724020
856852522
856898623
856906741
856958485
856977427
856999966
857026268
857196218
857204501
857326106
857347424
857397155
857428010
857462297
857472989
857496716
857573837
857601590
857728739
857800910
857837375
857854172
857877734
857892584
857909546
857978483
857990033
858010329
858164208
858175659
858197571
858226611
858248292
858264165
858366927
858426261
858442629
858488565
858518595
858575520
858631356
858645282
858654522
858676005
858731445
858775500
858789492
858798468
858920007
859477774
859761673
859840939
859890637
859977823
860132660
860389961
860852852
860957561
861461076
863983301
864734844
866172161
866408606
866577005
866684585
866729531
866805365
866903639
866922581
866985842
866996138
867054219
867092499
867118965
867171600
867213972
867293766
867313995
867331287
867338844
867349140
867390786
867434478
867448272
867497178
867507606
867516483
867523842
867587169
867661089
867690096
867712437
867776457
867787842
867827541
867865788
867895026
867903969
867941061
867952116
868000495
868011418
868021780
868042438
868082896
868103455
868215919
868406428
868559548
868648120
869047355
869086196
869099033
869160743
869516747
869636306
869682473
869813450
870028875
870054087
870233739
870480546
870602316
870785862
870812097
870838464
870868131
870950004
871395703
872576675
872866151
873135564
873256047
873269115
875752169
876892584
876911856
877027654
877042009
877049104
877116226
877135564
877162030
877258786
877284625
877305877
877374451
877380457
877414249
877838992
877889614
877969705
877976899
878171963
878214929
878225456
878266871
878286308
878350328
878412731
878433026
878462198
878568623
878582285
878714153
878729465
878753753
878837639
878927102
879134838
879192423
879256641
879311487
879340461
879411180
879423852
879484803
879618816
879662178
879705573
879735900
879780153
879797115
879892617
879937992
880105204
880125862
880141966
880186648
880276639
880285714
880314028
880379665
880488763
880510180
880540507
880552618
880587796
880620928
880708774
880731973
880769395
880823713
880848562
880869451
880891000
880928686
880987921
881063558
881109824
881124245
881168234
881243210
881358908
881383229
881429099
881531168
881540639
881698808
881721413
881779229
881831006
881886545
881946902
881979572
882144342
882262977
882729597
884013497
884153912
884220935
884316932
884386991
884471966
884502491
884619113
884674190
884773487
884996765
885006864
885061380
885079266
885102069
885128634
885155133
885261492
885282315
885343068
885374946
885415503
885676203
885765270
885824604
885884202
886077781
886156585
886281061
886549318
886770418
886985413
887109362
887602151
887606375
887831072
888054087
888370095
888482592
888832095
888852456
888859881
888893937
888940599
888950004
888995049
889091047
889269511
889401280
889411411
889484770
889653499
889768438
889817377
893178497
893779724
895351186
897005115
897644358
897838827
897991056
898443388
898582021
898654027
898658977
898665247
898721842
898842853
898991188
899120087
899167145
899207801
899286605
899304062
899419430
899518430
899558789
899608025
899707553
899726660
899768438
899868659
899878922
899941127
899977658
900090783
900143517
900155562
900173976
900197769
900259677
900304062
900337260
900355509
900375837
900436590
900452034
900481899
900498663
900527307
900634392
900648021
900660462
900700326
900736065
900780186
900823020
900831270
900843876
900856185
900908424
900962577
901007062
901031977
901051810
901075900
901152295
901170874
901186318
901223278
901277794
901386133
901433323
901452397
901601029
901684585
903886941
907063954
910435237
910568326
910740025
911403557
911564267
911670263
915442200
916160776
916489984
916529584
916651981
916714285
916747978
916789954
916855789
916895389
916926475
916948387
917005445
917025674
917048972
917096525
917166221
917181698
917221034
917268356
917303468
917327228
917370854
917385209
917422037
917454047
917484407
917565851
917610005
917742005
917821073
917947001
918097746
918134409
918185130
918194733
918213807
918228624
918262383
918316998
918364650
918386298
918414678
918421773
918489753
918800877
918828069
918837870
918899580
919032868
919158235
919174075
919206052
919333102
919776787
919863907
920035937
920065835
921752070
922094446
923569877
925469128
925628023
925881595
925898227
928506088
929281754
932958914
933137709
933808533
933984786
938917070
941164241
941430386
941636372
942833085
943501468
945092004
946986040
950398640
951027126
954742071
957058674
957117975
957408177
957488631
957504966
957548823
957588093
957610137
957689700
957769131
957792924
957848496
957874665
957920370
958051117
958058773
958143946
958152097
958199749
958247104
958274593
958316635
958336072
958359403
958404580
958423258
958438339
958470481
958482823
958541035
958558261
958569382
958580272
958595914
958721512
958741477
958750123
958803385
958859683
958876480
959007788
959046398
959085140
959096657
959164703
959175692
959184140
959228492
959254496
959270633
959349998
959384087
959396627
959461109
959498201
959559317
959568821
959579249
959609048
959630069
959665214
959684783
959692208
959731478
959772431
959794904
959866613
959888294
959922482
959932118
959965151
960001914
960022407
960214962
960343035
960375408
960376827
960386067
960466356
960525690
960607167
960659076
960733590
960831798
960844602
960911658
960944691
962500907
965112860
966517902
967057024
967360855
971090651
971435105
971441078
971528297
971569151
971575520
971596640
971602910
971673497
971683595
971707520
971737979
971800976
971824967
971834702
971887865
971900669
971912714
971922812
971937365
971943701
971982047
971993234
972011418
972017952
972032439
972075735
972087813
972107316
972119394
972136488
972167640
972192654
972204732
972213972
972239514
972263868
972296043
972303204
972318318
972329043
972370557
972394482
972408870
972415899
972469524
972498597
972506253
972532389
972564498
972606705
972618519
972628980
972676797
973447282
974109857
974161799
974175626
974273108
974288618
974397419
974408606
974478896
974494670
974551199
974667722
974687159
974818037
974866514
975215193
975398904
975438174
975469788
975524040
975657129
975696036
975736593
975755766
975773751
975780549
975832788
975900438
975907500
975935286
976001914
976030327
976057717
976083820
976110913
976134904
976143979
976203742
976217338
976284427
976331518
976387552
976446523
976537174
976551166
976593439
976637857
976687093
976710160
976736461
976749496
976813285
976891660
976913044
977062106
977123354
977230274
977246939
977281787
977302709
977342111
977391116
977405570
977427053
977462693
977530310
977624756
977643731
977673860
977694452
977723096
977737715
977748968
977764577
977771540
977781506
977799095
977844041
977933372
977945351
977976173
978013728
978022077
978043494
978071115
978211332
978219021
978234399
978287991
978307791
978407682
978564399
978637725
979323202
979925287
979934527
982100584
982567996
982859221
985991155
987786423
990579150
992400257
992417153
992529617
992597366
992609774
992760518
992845856
992851961
992875226
992943503
993007656
993037719
993093291
993177012
993211332
993219120
993235488
993281325
993329670
993371382
993394845
993412335
993429891
993461604
993615087
993651453
993699831
993849651
993871398
993942645
994056001
994074151
994101838
994144639
994164109
994194634
994316602
994382932
994437976
994453717
994660066
994674487
994695178
994785730
994832260
994890043
994943767
994996699
995047025
995054846
995062766
995216513
995255783
995265782
995301257
995310794
995352902
995396264
995454212
995496782
995639243
995675774
995689799
995714912
995773355
995840642
995860871
995919083
995927498
995946869
995962973
996024948
996067419
996118767
996129558
996143682
996163746
996189156
996227337
996289773
996348183
996405867
996434016
996515097
996544500
996560802
996694419
996727485
996778932
996826485
996897039
996946176
997050424
997179817
997226842
997302181
997319770
997445533
997446589
997481272
997621786
997702207
997772365
997914859
997984786
998087780
998563640
1000168102
1002115929
1002269808
1002556512
1002821931
1004974853
1005270138
1005477048
1005546975
1005662277
1005679800
1005850245
1005898491
1005904728
1005944031
1005987822
1005998382
1006005478
1006028941
1006094974
1006198264
1006529221
1006571725
1008884004
1010670758
1010928587
1010997590
1011028908
1011201366
1011278058
1011504207
1011791637
1011937464
1011960729
1011973896
1011992343
1012010758
1012054549
1012084777
1012112431
1012126687
1012136752
1012161502
1012170577
1012205458
1012229944
1012260634
1012275220
1012301983
1012312378
1012321783
1012395010
1012452793
1012470349
1012486849
1012503679
1012516780
1012554697
1012573210
1012596079
1012610995
1012620631
1012723723
1012789162
1012801207
1012821139
1012829026
1012854073
1012877239
1012894927
1012934659
1013090288
1013144045
1013242286
1013281556
1013407319
1013440286
1013506814
1013727584
1013933999
1014042999
1014669042
1015270039
1016128865
1016964260
1022561429
1024036630
1024700029
1024744975
1024756657
1024765237
1024771639
1024858396
1024889548
1024899052
1024934758
1025037026
1025052041
1025092994
1025103092
1025115830
1025189915
1025205887
1025220011
1025272679
1025308715
1025326337
1025355212
1025394185
1025412962
1025426954
1025579315
1026175131
1030010791
1030023496
1031621423
1031692802
1031715506
1031730983
1031749925
1031763356
1031821733
1031828828
1031838200
1031876315
1031908391
1031947628
1031971718
1032007623
1032073953
1032186318
1032262251
1032274329
1032329208
1032344685
1032352902
1032362373
1032400257
1032420717
1032430815
1032444378
1032455136
1032469194
1032484275
1032502821
1032540573
1032587499
1032602151
1032622083
1032634491
1032647493
1032668976
1032696597
1032716166
1032736626
1032761772
1032775368
1032790977
1032805299
1032817311
1032829785
1032891594
1032946572
1033014982
1033030954
1033036366
1033078606
1033203676
1033219252
1033266310
1033283008
1033324027
1033343332
1033359073
1033370095
1033401610
1033440253
1033535326
1033631983
1033703362
1033716562
1033844965
1033887172
1033964128
1034003630
1034076626
1034132825
1034158334
1034176781
1034351549
1034579183
1034724482
1034822855
1034882816
1034923076
1035000033
1035144507
1035324951
1035426459
1035568722
1036087483
1038010098
1039451275
1040465498
1042297330
1042419199
1046007854
1046981783
1047233310
1047994059
1049217800
1049372438
1050395571
1050870606
1052281259
1053045606
1053188694
1053286836
1053769362
1053853446
1053960003
1053978780
1054186087
1054204105
1054269313
1054328251
1054337062
1054372141
1054468765
1054556611
1054706431
1054997557
1057320628
1057861696
1058417450
1059714945
1060781044
1060878691
1061008481
1062415602
1062764049
1064433224
1069072765
1069914430
1070009603
1070053559
1070089694
1070117249
1070124938
1070190872
1070269445
1070465729
1070505890
1070612381
1070694650
1070707223
1070795465
1070804441
1070838431
1070859782
1070919380
1070926046
1070961620
1070973401
1071005214
1071038940
1071064878
1071080619
1071121473
1071147543
1071165396
1071198429
1071214368
1071224301
1071246180
1071303699
1071310596
1071329604
1071344718
1071363330
1071382734
1071411312
1071425931
1071496419
1071515361
1071542817
1071604527
1071675312
1071694749
1071863676
1071879615
1071923868
1071969375
1072016467
1072033792
1072054153
1072138534
1072154869
1072170181
1072176748
1072222618
1072248457
1072332640
1072347787
1072358677
1072370920
1072394416
1072443454
1072455499
1072462033
1072477972
1072523149
1072531498
1072556611
1072641124
1072668019
1072697158
1072783189
1072799623
1072830511
1072865029
1072909150
1072956703
1072984819
1073022572
1073061446
1073183348
1073201894
1073275946
1073334752
1073398079
1073443322
1073492327
1073516021
1073585849
1073684453
1073764313
1074090750
1074303996
1074489489
1074618024
1074634887
1074636636
1074662706
1074697389
1074795102
1076434247
1076527109
1076664422
1076739167
1076843645
1076870639
1077180510
1077470613
1083615516
1083762102
1084228195
1086545325
1087642774
1090420453
1091060555
1092314655
1092376035
1093759792
1097041283
1097083655
1097104841
1097173118
1097361284
1097453387
1097490083
1099419529
1100206679
1101204105
1101465795
1101736428
1101771078
1101810810
1102091839
1102124839
1102219219
1102301620
1102360822
1102439956
1102464277
1102585948
1102633897
1102706101
1102753423
1102803550
1102852390
1102882519
1102896577
1102909414
1102916080
1103010428
1103028281
1103042933
1103078738
1103104181
1103129096
1103137544
1103163284
1103171270
1103211167
1103238326
1103254001
1103294855
1103335973
1103370524
1103394350
1103402402
1103412566
1103559548
1103599973
1103614955
1103627825
1103645744
1103670131
1103677622
1103719103
1103741675
1103785070
1104209649
1104236907
1104281589
1104516615
1107163647
1107217701
1108046827
1108084876
1111107547
1111943470
1112367950
1114358050
1115891528
1117055077
1118083754
1118554268
1121875424
1122753225
1124342243
1124898260
1125116226
1125313896
1125327393
1125436128
1125719631
1125774411
1125898194
1125968055
1125984390
1126011748
1126031647
1126108504
1126252747
1126264825
1126370920
1126388641
1126396495
1126490413
1126500049
1126506319
1126609972
1126672870
1126784509
1127124839
1127147708
1127311223
1127438900
1127688743
1127713460
1127741015
1127764148
1127806784
1127867603
1127929379
1127982806
1127992244
1128127743
1128148797
1128199056
1128213411
1128257532
1128266211
1128277695
1128323169
1128343695
1128402006
1128411411
1128513051
1128585057
1128680625
1128720522
1128769395
1128853974
1129388014
1130839982
1130995577
1131037554
1132005016
1132946044
1132968847
1133105204
1133771276
1134986964
1135396693
1137232617
1137279906
1137321882
1142277200
1142853611
1144138798
1150746526
1151549615
1152538131
1153403788
1153487245
1153527637
1153572286
1153657756
1153751311
1153812691
1153843777
1153851367
1153918489
1153971883
1154071643
1154138039
1154204303
1154232452
1154286737
1154527406
1154549054
1154585783
1154641223
1154654390
1154680163
1154689931
1154708477
1154717882
1154743985
1154754644
1154823152
1154837078
1154898755
1154940533
1154953205
1154962445
1154984456
1155053625
1155064251
1155071676
1155085437
1155108900
1155148467
1155158235
1155283932
1155294657
1155538230
1155584595
1155588753
1155841368
1155941622
1156004884
1156069729
1156104610
1156147840
1156270501
1156382338
1156395934
1156399531
1156464904
1156567402
1156584727
1156596541
1156603966
1156691482
1156701613
1156761805
1156797478
1157015807
1157143418
1157179784
1157252714
1157477444
1157498234
1157613602
1157754644
1159814077
1162180510
1162851103
1163329571
1163359007
1163836748
1164714087
1164916575
1165069993
1165115368
1165231396
1165279279
1165342408
1165450747
1165532554
1165694419
1165718443
1165765369
1165776919
1165805563
1165832095
1165861366
1165878460
1165914364
1165924099
1165930270
1165980958
1166016335
1166022671
1166125070
1166234234
1166251955
1166270930
1166280269
1166288783
1166317559
1166328053
1166353232
1166361812
1166426954
1166452463
1166514800
1166552915
1166573276
1166588654
1166598917
1166611457
1166630201
1166656601
1166699567
1166746163
1166790350
1166820281
1166839619
1166873477
1166898029
1166926244
1166960861
1167074745
1167196020
1167218823
1167270072
1167336435
1167448371
1167535986
1167561462
1167653697
1167873642
1167965877
1174609939
1175490149
1175597663
1175941853
1176203082
1178110748
1179482427
1182261723
1184613173
1187643533
1189933438
1193370260
1194154836
1195699864
1200442002
1205670131
1210222420
1213602217
1213821964
1214023793
1214052503
1214085107
1214107613
1214118437
1214150051
1214186318
1214198396
1214206877
1214222255
1214286638
1214312774
1214335511
1214417549
1214441672
1214460449
1214493647
1214523479
1214533082
1214572187
1214680658
1214698181
1214708906
1214731115
1214742137
1214793056
1214888789
1214905355
1214956802
1215003795
1215227502
1215252318
1215266937
1215290829
1215334785
1215356136
1215363264
1215372537
1215382767
1215400290
1215433917
1215447645
1215455994
1215486321
1215506121
1215520080
1215546513
1215595980
1215624063
1215770847
1215891561
1215931425
1215948816
1216000231
1216079266
1216125103
1216155133
1216245355
1216276111
1216328548
1216387420
1216458832
1216488928
1216623172
1216641685
1216651222
1216732501
1216760716
1216828201
1216870639
1216877866
1216897765
1216909810
1216918753
1217003894
1217025641
1217556677
1217581559
1217620103
1217688182
1217754446
1218053823
1218100419
1218122397
1218363759
1218461670
1218480942
1218557799
1218614592
1218646965
1218721974
1218738243
1218795993
1218950466
1219055308
1219224565
1219233376
1219353331
1219391710
1219476388
1219521664
1219566445
1219739134
1219772530
1219814506
1219919875
1219953502
1219976767
1220158532
1220335808
1220444180
1220465498
1220663894
1220685872
1220847935
1220970629
1221107085
1221388278
1221411741
1222580173
1222824538
1225835824
1226357555
1228488895
1231584100
1232905784
1233487245
1234324060
1234698379
1237352836
1238370458
1238953568
1241842259
1243096591
1243412137
1244086262
1244401181
1244501270
1244612414
1244633336
1244853446
1245275451
1252158730
1253562617
1253619872
1253931128
1258775071
1258955911
1259006765
1259107910
1259530079
1260085338
1260233640
1260329373
1260339372
1260358644
1260376794
1260407319
1260478104
1260514239
1260551562
1260737253
1261142923
1261164505
1261276243
1261310497
1261339438
1261626142
1261714417
1261768174
1261780912
1261933471
1262525228
1262536283
1263735504
1265272415
1267256245
1267266442
1269434313
1270226743
1270378147
1271420189
1271935055
1273525327
1273682275
1273877041
1276180774
1276591261
1276983367
1279142824
1280254364
1280337953
1281182952
1283243276
1284646404
1284882552
1286267102
1286274329
1286525063
1286855162
1286948915
1287915123
1288445764
1291741015
1292375738
1292419298
1292438438
1292527967
1292655512
1292759363
1293047157
1293160611
1293212982
1293272877
1293362043
1293621489
1293637758
1293882585
1293973665
1294012837
1294108504
1294213840
1294266772
1294329637
1294391710
1295011451
1295236016
1298890604
1299304557
1300519189
1301077451
1301406428
1304308154
1306229548
1306671352
1307339834
1307502062
1308583473
1312313434
1313156882
1314290466
1315657624
1319993894
1321547140
1330603966
1330967527
1330979770
1330985875
1331033561
1331155892
1331169059
1331269412
1331358116
1331494802
1331599874
1331643665
1331672408
1331688347
1331706002
1331716364
1331738078
1331838695
1331934692
1331942216
1331995940
1332106194
1332164802
1332197670
1332224136
1332253341
1332267168
1332343695
1332420684
1332500775
1332562089
1332640200
1332796884
1333013497
1333134145
1333153219
1333166353
1333236643
1333252879
1333302808
1333347853
1333371283
1333390555
1333417285
1333433521
1333476718
1333486156
1333494901
1333508992
1333532554
1333562749
1333586443
1333596343
1333634821
1333673101
1333739959
1333819291
1333888327
1334160347
1335024816
1339207009
1339411378
1339427383
1339466290
1339473352
1339541926
1339547668
1339630135
1339670692
1339720324
1339826650
1340035739
1340059763
1340068574
1340077220
1340088473
1340103686
1340179949
1340186417
1340249612
1340277266
1340333795
1340349437
1340365937
1340389367
1340398409
1340422037
1340460878
1340509619
1340551628
1340563904
1340582054
1340608619
1340630663
1340657888
1340693429
1340739266
1340748176
1340862488
1340874005
1340899613
1340931128
1340943173
1340963930
1340998118
1341045012
1341083952
1341098307
1341122892
1341165264
1341190179
1341231264
1341240471
1341254562
1341263703
1341277200
1341298419
1341332739
1341353430
1341383163
1341395241
1341427581
1341455334
1341509553
1341539352
1341590634
1341599280
1341615318
1341629805
1341641124
1341669669
1341756888
1341784806
1341828234
1341860409
1341939048
1341960630
1342014454
1342023991
1342047421
1342071511
1342117810
1342134508
1342157179
1342171732
1342185427
1342208461
1342232683
1342248820
1342271326
1342320496
1342398508
1342410883
1342445929
1342483813
1342499092
1342553938
1342577038
1342598224
1342608058
1342618453
1342640794
1342672243
1342693099
1342713295
1342723756
1342740454
1342755964
1342767316
1342775434
1342787050
1342818070
1342864468
1342884466
1342910767
1342942150
1343010362
1343025509
1343039072
1343067353
1343079794
1343096393
1343106491
1343116985
1343142197
1343210078
1343293931
1343364188
1343396363
1343453552
1343545358
1343686202
1343726924
1343850575
1343860904
1343957528
1343974457
1344091971
1344232287
1344567336
1345030987
1345101013
1345866481
1346123057
1346203973
1346231495
1346240834
1346341418
1346444345
1346559977
1346581262
1346654291
1346664488
1346948651
1346953931
1347067089
1347128205
1347343365
1347611853
1347814341
1347842589
1348578886
1348832293
1348837573
1348904101
1348990858
1349001089
1349009603
1349189420
1349198693
1349234597
1349249975
1349283899
1349298254
1349310761
1349389004
1349395703
1349402138
1349425535
1349446325
1349517011
1349553377
1349580998
1349609411
1349623898
1349639177
1349662937
1349829851
1349893475
1349922812
1349930534
1350071412
1350091806
1350147906
1350157773
1350170247
1350254694
1350262251
1350285120
1350304062
1350648945
1352674652
1353204963
1353821865
1356560439
1357202488
1357628452
1357670923
1357823317
1358088704
1358365706
1358685212
1358730191
1358748869
1358781308
1358824703
1358892551
1358906015
1359019800
1359049632
1359145794
1359339603
1359475860
1359493317
1359515625
1359620235
1359645117
1359664851
1359675609
1359717453
1359728409
1359736428
1359790713
1359833877
1359916047
1359932778
1359977559
1360005610
1360019470
1360059862
1360124872
1360198132
1360259083
1360298815
1360498828
1360513216
1360536118
1360545952
1360613239
1360634260
1360658482
1360676203
1360758604
1360909546
1360942546
1360950268
1361041943
1361110352
1361181764
1361237765
1361301917
1361358116
1361424644
1361547668
1361582054
1361600930
1361664785
1361730686
1361754842
1361800085
1361807543
1361904695
1361980265
1362041250
1362071940
1362129855
1362209649
1362260568
1362277068
1362288651
1362298650
1362364650
1362392766
1362437811
1362453057
1362546216
1362578160
1362592053
1362600270
1362612117
1362649308
1362660165
1362725670
1362831039
1362872190
1362940335
1363028314
1363109131
1363145431
1363164868
1363179322
1363256740
1363277002
1363289839
1363336435
1363345708
1363353793
1363381183
1363446424
1363465828
1363510543
1363542256
1363645711
1363693693
1363719994
1363863907
1363900405
1363934428
1363990396
1364025542
1364056760
1364067287
1364135531
1364197604
1364225390
1364264990
1364313731
1364345510
1364393360
1364414579
1364429264
1364456918
1364473979
1364515988
1364623502
1364687489
1364702966
1364759957
1365824208
1365877371
1365977196
1366079068
1366126555
1366150249
1366184998
1366240405
1366250470
1366346038
1366388740
1366445071
1366494340
1366527769
1366571065
1366654918
1366660726
1366732732
1366790020
1366854106
1366913110
1366951291
1367009702
1367091905
1367233706
1367339405
1367462396
1367538428
1367609741
1367650727
1367672573
1367697587
1367712866
1367734448
1367754875
1367797478
1367832689
1367842358
1367924231
1367975480
1368018018
1368046728
1368314589
1368447909
1368492954
1368589710
1368622644
1368657393
1368690162
1368775137
1368811140
1368820875
1368868296
1369012012
1369062535
1369087945
1369174009
1369187803
1369237435
1369263769
1369350988
1369358083
1369672573
1369686598
1369951852
1370072666
1370153384
1370167574
1370216777
1370258753
1370323202
1370456093
1370538461
1370547107
1370622116
1370849552
1371190971
1371719763
1371785037
1372077682
1372520377
1380640530
1383533544
1385501732
1385530838
1385673398
1385727584
1385839190
1385915123
1386003333
1386012111
1386045375
1386063162
1386077352
1386119559
1386144243
1386161568
1386174240
1386181368
1386255189
1386263868
1386296076
1386314358
1386337359
1386345840
1386371283
1386385935
1386431871
1386484209
1386495924
1386502920
1386514569
1386523479
1386540474
1386569415
1386584100
1386593505
1386639078
1386709434
1386720753
1386816519
1386831897
1386850872
1386896247
1386906675
1386921426
1386947298
1387008448
1387037356
1387124443
1387165297
1387188661
1387213312
1387229746
1387272382
1387294492
1387319506
1387336105
1387368775
1387398211
1387426657
1387443454
1387480843
1387492624
1387521136
1387563310
1387570900
1387626406
1387646305
1387689766
1387705111
1387783486
1387796818
1387817113
1387924792
1387973929
1388009603
1388042768
1388050985
1388110022
1388136257
1388163944
1388226479
1388256707
1388376101
1388409101
1388470085
1388500148
1388530112
1388609708
1388639375
1388650232
1388811173
1389003102
1389258984
1389375672
1389520311
1389834537
1390984720
1391844866
1393555918
1393668382
1394637131
1401859089
1402904497
1403643632
1405590667
1406217767
1406286572
1406590106
1407263373
1407432366
1407444213
1407461802
1407473418
1407513513
1407524799
1407563178
1407570603
1407584661
1407634623
1407658614
1407669438
1407685014
1407747087
1407789558
1407827442
1407880341
1407920040
1407960168
1407971091
1407996072
1408006105
1408018579
1408048543
1408077055
1408086526
1408133881
1408173778
1408200376
1408214566
1408256113
1408270501
1408284658
1408326304
1408375012
1408420288
1408432960
1408468534
1408487179
1408522192
1408544434
1408610896
1408685080
1408754017
1408763554
1408991056
1409735801
1409767745
1416106227
1417073491
1418885786
1419106293
1419141405
1419270138
1419327855
1419351153
1419390357
1419467016
1419482262
1419489357
1419508728
1419567336
1419595584
1419609840
1419701415
1419743688
1419750816
1419762960
1419801108
1419819720
1419840840
1419885225
1419891528
1419949344
1419980166
1420051678
1420069201
1420090453
1420154902
1420173877
1420206448
1420234696
1420247071
1420289971
1420308847
1420383592
1420418638
1420431343
1420469326
1420479457
1420511830
1420590766
1420607860
1420649209
1420694485
1420708972
1420730455
1420744612
1420768174
1420788535
1420803781
1420814077
1420936639
1420952809
1420996303
1421013035
1421055242
1421071709
1421092103
1421112332
1421131934
1421176715
1421201894
1421235983
1421301917
1421307494
1421342936
1421394086
1421429528
1421433323
1421441903
1421463254
1421493251
1421508596
1421547074
1421560010
1421567831
1421635052
1421643467
1421652740
1421668118
1421769626
1421799557
1421846681
1421864468
1421978549
1422095667
1422403656
1422475794
1422988416
1423091080
1423169158
1424251229
1424812295
1425021318
1426674850
1427010923
1429219813
1429422499
1431921162
1433985743
1434143451
1435127809
1435736824
1435835362
1435857109
1435871860
1435959541
1435965217
1435972840
1435980463
1436002475
1436028479
1436047322
1436067122
1436080487
1436120120
1436146751
1436192456
1436200376
1436214071
1436236247
1436286869
1436294723
1436333960
1436351318
1436382701
1436396000
1436451638
1436481305
1436492624
1436510015
1436559878
1436675939
1436696762
1436706068
1436729828
1436747021
1436820941
1436828102
1436875160
1436913869
1436965811
1437059004
1437097119
1437104742
1437139722
1437196515
1437208857
1437274329
1437306834
1437326535
1437353331
1437366069
1437535821
1437584496
1437631488
1437690921
1437728574
1437814341
1437831963
1437837804
1437937596
1437944955
1438048477
1438130977
1438173283
1438228393
1438257598
1438337953
1438551166
1438650760
1438661881
1438816849
1438838992
1438852456
1438882288
1438918159
1439165099
1439265947
1439339801
1439582120
1439872850
1440805893
1441216414
1441605550
1443209022
1443719763
1444352704
1445288783
1446229086
1446541728
1446661254
1446670758
1446682869
1446704814
1446780384
1446872520
1446910866
1446947166
1446987360
1447003300
1447026961
1447045870
1447180510
1447230439
1447264825
1447292083
1447356697
1447364551
1447443025
1447511731
1447581658
1447617364
1447630102
1447727287
1447761376
1447779988
1447822591
1447832293
1447838794
1447872124
1447922779
1447946638
1448037752
1448039633
1448118899
1448137742
1448158598
1448178233
1448241725
1448263241
1448276210
1448310860
1448377223
1448397320
1448419331
1448442959
1448478170
1448524601
1448682407
1448730719
1448761640
1448827805
1448998613
1449094578
1449111639
1449216216
1449223872
1449242616
1449299277
1449320331
1449332904
1449382767
1449445170
1449454113
1449473880
1449534798
1450179685
1450881958
1459040194
1459420717
1462586377
1462594330
1464109989
1466282810
1466634491
1466981486
1467067716
1467111474
1467145101
1467184239
1467201762
1467308121
1467387453
1467440220
1467447348
1467475035
1467487377
1467622281
1467672474
1467681021
1467693825
1467729366
1467737847
1467753951
1467804573
1467841995
1467856746
1467863544
1467885720
1467964524
1467974853
1467995610
1468032736
1468043263
1468113883
1468135201
1468260634
1468280500
1468281820
1468303501
1468367224
1468391116
1468400389
1468407946
1468435699
1468486585
1468618123
1468626967
1468694155
1468709434
1468730026
1468754116
1468782694
1468805365
1468821469
1468840411
1468851169
1468883509
1468914529
1468938091
1468951951
1468991485
1469008811
1469062832
1469082764
1469115797
1469134442
1469148368
1469179190
1469195096
1469207999
1469366465
1469408012
1469419661
1469485859
1469518100
1469525789
1469588852
1469684024
1469862521
1470063690
1470232518
1470307329
1470331881
1470933603
1471029766
1471154308
1471256278
1471324357
1471455103
1471520971
1471701415
1471771705
1471785829
1471814836
1471848793
1471870111
1471920865
1471945879
1471955185
1471990396
1472020328
1472066594
1472099231
1472119559
1472172095
1472182028
1472240108
1472315447
1472459261
1472826815
1473764610
1473892452
1473939543
1474066033
1474170511
1474355245
1474430881
1474527505
1474631686
1474746064
