241611820
241705639
241949938
242331287
242535887
242870309
243247698
243319341
243507507
243748770
243798666
243857241
243931524
243954624
244214500
244363231
244561627
244672903
246669900
246868296
246936606
246975546
247027027
247115401
247180411
247251229
247378147
247468501
248796686
248971355
249584628
250179256
250364617
250469458
250522489
250724548
250775401
250868824
251036993
251349932
252505890
252669075
252851598
252871893
252920568
253057981
253118569
253165891
253247533
253282315
253325050
253393327
253466257
253484407
253866943
254484935
254516780
254662079
254829554
254882420
255022011
255144903
255180477
255271227
255289674
255306405
255319407
255329109
255412467
255566775
255620433
255729762
255785829
255824736
255845625
255936771
255988944
256268257
256431343
256490347
256571824
256677886
256773850
256868362
257031482
258092202
258500577
258936540
259020427
259246840
259528297
261181104
261418110
261573144
261587730
261640860
261757482
261783222
261797313
261846054
261855888
261920172
261976041
262225753
262257994
262370821
262416262
262560076
262591195
262633105
262683166
262767250
262992607
263102003
263341319
263355905
263432828
263473550
263565257
263582054
263652740
263725571
263777480
263789492
263810183
263837177
263856548
263913374
264019998
264083094
264105798
264149292
264191037
264261228
264429033
264451968
264494373
264594627
264619806
264654753
264740784
264788172
264842325
264864798
264888459
264930699
265019041
265032373
265126786
265211464
265222849
265246939
265269412
265347754
265355674
265408441
265457875
265511005
265681813
265836385
265997623
266107250
266231132
266341220
266360228
266394482
266518265
266530079
266742896
266813780
266856086
267098769
267215556
267242220
267331188
267506253
267596541
267705078
267734613
267798336
267837045
267858231
267998646
268084876
268218757
268278223
268325710
268553146
268612546
268768108
268777183
268951159
268992046
268992079
269055902
269148698
269172854
269253209
269301455
269426492
269514668
269811338
269833976
269939840
270020922
270085272
270208758
270322344
270436821
270497739
270564234
270663861
273461736
273483351
274042933
274403128
275574959
275811965
275916542
275921393
276011484
276107877
276322608
276351087
276458040
276691977
276882222
277019899
277046629
277116919
277200409
277622545
277754578
277970827
278155034
278245982
278577731
279154473
282256674
282304392
282375078
282824538
283420882
283755370
283814341
283905916
283936606
283980364
284008019
284021813
284031218
284264792
284390357
284440517
284449295
284523512
284544335
284611853
284642609
284695607
284812823
284923967
284961686
285106854
285241758
285286110
285304788
285347094
285389466
285458205
285555390
285580998
285660924
285792099
286072765
286203775
286286902
286379401
286527142
286689667
286764181
287053856
287177969
287197637
287277761
287328812
287368577
287399993
287450384
287541365
287712239
287778107
287791967
288380028
288448998
288469953
288608025
288709929
288746592
288792990
289083589
289320331
289398706
289436161
289527472
289559680
289636339
289671022
289819423
289877998
289930930
290004884
290024882
290151602
290154374
290327129
290388938
290427152
290562749
290636339
290685047
290698280
290714153
290812394
290844272
291101343
291150381
292234630
292312378
292446820
292560604
292650133
293052206
293166023
293982377
294409794
296492096
299465201
300647328
300894201
303569448
303680064
303753225
303836352
303836418
303945483
304303468
304436491
304672804
304688743
304704055
304713823
305554565
305831501
305971619
306052305
306257730
306676170
306756228
306829554
307059565
309642477
310118800
310626208
316711909
316757350
316808071
316929907
316960663
316967395
317026598
317053625
317062964
317074745
317161535
317279246
317392568
317461769
317521367
317636141
317760023
317839388
317954195
317992475
318041316
318080751
318172788
318212388
318263868
318287166
318353628
318390027
318431739
318456819
318502656
318679635
318722469
318768372
318874830
318940005
319078342
319118140
319149589
319254133
319303105
319355443
319491469
319512061
319613140
319680559
319794046
319857505
319977724
320013860
320194634
320232914
320274098
320414810
320507837
320555159
320601953
320647328
320757218
320936573
320958386
321001815
321082368
321642378
321696696
321877041
321887931
321933009
322075900
322224928
322259776
322280500
322403458
322664323
322878031
322957066
323010560
323096558
323164505
323236445
323291588
323439065
323523050
323598719
323650958
323690954
323756393
323865095
324025938
324213873
324407352
324529617
324656931
324701877
324968286
325245553
325365013
325464442
325507936
325537405
325609939
325820446
325924033
326053295
326148566
326257103
326300927
326418044
326487740
326914034
327092202
327239514
327333729
327835197
328847011
328977262
329039435
329126852
329151536
329184140
329297363
329330429
329363033
329972906
330066000
330258027
331818829
331848529
331874500
331951159
332047256
332088242
332257796
332343068
332483087
332548691
332597861
332624657
332867768
333081972
333095469
333240801
333274164
333344883
333366135
333498036
333561132
333611325
333841764
333906510
333989604
334051843
334098175
334173316
334391314
334444972
334512061
334633930
334679239
334725076
334819654
335098538
335146454
335258192
335302346
335341385
335391050
335400092
335462957
335545919
335587334
335648153
335793815
335849552
335893211
335953337
336052305
336219681
336352869
336469755
336591360
336651486
336805728
336834339
336963666
337020493
337044154
337301422
337470910
337568161
337613602
337634491
337653334
337685113
337819390
337852357
337906840
338714417
338789459
338881727
338928257
338951555
339038379
339131934
339249051
339280434
339359007
339380358
339451341
339491502
339547734
339647361
339817377
339843810
340036234
340234564
340283107
340368577
340478533
340645018
340741477
340776292
340895059
340987723
341195459
341332343
341679437
341711480
341798534
341904101
341985050
342118734
342329076
342491436
342657954
342945945
342999339
343322014
343497640
343667029
343758175
344402402
345320133
346337821
346478665
346966702
346993894
347222156
347594561
348081477
348434181
348642312
348711579
349127149
349418110
349552156
349846054
349964986
350129129
350262350
350304590
350438867
350520542
350621093
350656931
350951522
351044187
351115071
351244233
351274329
351339933
351374088
351424215
351570570
351692076
351734679
351834372
352398640
352491535
352581790
352643764
352674718
352850113
353000627
353036564
353171468
353246246
353358875
353474045
353694716
354083358
354518331
354755667
354900009
355000264
355222717
355334389
355398211
355528825
355556677
355584628
355733920
355858858
355894663
355951885
355979407
356013167
356081048
356137709
356157047
356169422
356223311
356277794
356296043
356339867
356415932
356469854
356934395
357009702
357227700
357509850
357697059
357790515
357956175
358001386
358100518
358118635
358141207
358576114
358676698
358830907
358941622
359186978
359277761
359318648
359403095
359524568
359644094
359774081
359817773
360149820
360207801
360362736
360391281
360469260
360656403
360836847
361363264
361517770
361676434
361826716
362750783
362779460
362860937
362888591
362945021
362981948
363018876
363031515
363203610
363284592
363306801
363681747
363707487
363733392
363786291
364145332
364233277
364270831
364514602
364587730
364627066
364699237
364908325
364936474
364965646
365148467
365341847
365476685
365529980
365627924
365811734
365863874
365910008
365944328
365987690
366009570
366070851
366108438
366152295
366287991
366315282
366336699
366466455
366554994
366596673
366614130
366647097
366748572
366817509
366932646
366986601
367248886
367425271
367529122
367612216
367641982
367872883
368258027
368362010
368416130
368682275
368724878
368879846
369222321
369421443
369656997
369686367
369769626
369880935
370007524
370050094
370142395
370251559
370481932
370532884
370532884
370786390
371949542
372385473
372520311
372801834
373454080
373611193
373694518
373721644
373775203
373801570
373857010
373929082
373947232
373992112
374124410
374140712
374223641
374422334
374437910
374814440
375078672
375790713
375817476
376025245
376091476
376113388
376253671
376456159
376479226
376507804
376518826
376537240
376612876
376667458
376700260
376779262
376833778
377077055
377287232
377473814
377551265
377637758
377708015
377759429
377931029
378078606
378140217
378203709
378217866
378291390
378375276
378441045
378480249
378712965
378941226
379085701
379110154
379287430
379559218
379614757
379646272
379727353
379963699
380092004
380160941
380316404
380316404
380471636
380657789
380808170
381829752
382078936
383155397
383220737
383434973
383574695
383634359
383698643
383809589
383931887
384023562
384105996
384120549
384914826
386282480
386802692
387314094
387543873
387602811
387642807
387672705
387848826
387909348
387915189
387931755
388063129
388124146
388273966
388402534
389137940
389619047
389660000
389855426
389914892
390012606
390083754
390109494
390372966
390847374
390904893
390967560
390983763
391166089
391284823
391334653
391417582
391457479
391483780
391497772
391571395
391651288
391670164
391711018
391755832
391777513
391828828
391880539
392062106
392123387
392153681
392185955
392244398
392287397
392379995
392424941
392464508
392487872
392693495
392855063
392899250
393009900
393027753
393067584
393128667
393206316
393252219
393485661
393514008
393754743
393881661
393913209
393930402
394066660
394102135
394237072
394407385
394479325
394577830
394693066
394740454
394777876
394793452
394823185
394883938
394905817
394930369
394955119
394990627
395019272
395112299
395394317
395940335
396019008
396105204
396140085
396176847
396295152
396368643
396499686
396602613
396734910
398192324
400177573
400309144
400334554
400391314
400418737
400556512
400581394
400712932
400817641
400895884
401094974
401140613
401524997
401945021
402218658
402529749
402561825
402616935
402881958
403230505
403327426
404739068
404885093
406170610
408092631
408333960
408405636
408455631
408502788
408563838
408639804
408767844
408921063
409012540
409137676
409230604
409630927
409824043
409939048
410123618
410234333
410312312
410389664
410675048
410771375
410909117
410983136
411070389
411113718
411203247
411229614
411251130
411366696
411391314
411461868
411533445
411594594
411649836
411666567
411859518
411993432
412204567
413109560
413158466
413213279
413293436
413311520
413496980
413527274
413548559
413676104
413700590
415336963
415489489
416073590
416331551
416450945
416480645
416493845
416500346
416531531
417023001
417153549
417207867
417233673
417341748
417380853
417544401
417720522
417822459
417838266
417901329
418034386
418109296
418156717
418161436
418278124
418298419
418316437
418453585
418549153
418648252
418762465
418892023
418928686
419033825
419103719
419139590
419158070
419180576
419193644
419220638
419244266
419287958
419490116
419700293
419947991
420070092
420143121
420180972
420228888
420329142
420404976
420580404
420641652
420707388
420783684
420903705
420945318
421080784
421080883
421093522
421181137
421244101
421595155
421655578
421673464
421840048
421886776
421903144
421952347
422115401
422194337
422237765
422297132
422659571
422732765
422750288
422876909
422902319
422925386
423094644
423119460
423263406
423279081
423330363
423332541
423551463
423759132
424170379
424248259
424458535
424742302
425135630
425479721
425629937
425733062
425857703
425896709
425959541
426048180
426193545
426299277
426466422
426610764
426641916
426692835
426779559
427025674
427214203
427335280
427650958
427735141
427773916
427803121
427994224
428160875
428330297
428383361
428411444
428483516
428513150
428798765
428937959
429167178
429325281
429408672
429476124
429619839
429829389
430046233
430185262
430293436
430712041
430858033
430878757
431143715
431236280
431444180
431477213
431557931
432014520
432633204
433468633
433513018
433554103
433748044
433885951
434063723
434219120
434349767
434411708
434495792
434830544
435132627
435308649
435342243
435554004
435633402
435808071
435827706
435966042
436093126
436115071
436358809
436509025
436738639
436991089
437486717
438103983
438224961
438325842
438369435
438405306
438533313
438570735
438654753
438735801
438840114
438859815
439010560
439046497
439084711
439153219
439180312
439372801
439473979
439621060
440255354
440706992
440835362
441234828
442402171
442583044
443607959
443761442
444185988
444501798
444606639
444689634
444763356
444786390
445096855
445443718
445494901
445712239
445849816
446063096
446228459
446967098
447023991
447096096
447291225
447397254
447451176
447529584
447783354
447908919
448106986
448292743
448613734
448620268
448709995
448948651
449026598
449209088
449385176
450060720
450725109
450772629
450837210
450884136
451277695
451316041
451579711
451619707
451636603
451671550
451704550
451734547
451804837
451867042
451970761
452069861
452098043
452236742
452284526
452313533
452369567
452663135
452696102
452828894
453005247
453355773
453436887
453994059
454290499
454917928
455116820
455363792
455447447
455686664
455837639
455897666
456022110
456065802
456086757
456308517
456393987
456446160
456480810
456550440
456756558
456798237
456855690
457007458
457163317
457202389
457249381
457379368
457410487
457450219
457556248
457581229
457669570
457956274
458218163
458277728
458463716
458474012
458541035
458725637
458884862
458953931
458987228
459000165
459368940
459461505
459469557
459833349
459986502
462175263
462250206
462506550
462603108
462708642
462763620
463354585
463437316
463552849
463567204
463744051
463745338
463762663
463945813
464168927
464249150
464329010
464413292
464449790
464699666
464782529
465198165
465828597
466059862
466193182
466603372
466726792
466751410
466837903
467080982
467143022
467174966
467233475
467427317
467867603
467956208
467994917
468052965
468113685
468195756
468328680
468565257
468628782
468775137
468861201
468942150
468971454
469015543
469134574
469155793
469263934
469490479
469590601
469654126
469720390
469923967
469954888
470165528
470251460
470253110
470477213
470636141
470689535
470763752
470876843
470920238
470976602
470980397
471031350
471237996
471319341
471572913
471752829
471773454
471974589
472090618
472160809
472202323
472228162
472443487
472631026
472723723
472957429
473027621
473070620
473191268
473239844
473268818
473290202
473346797
473428340
473518859
473561759
473607431
473656271
473656337
473739431
473749661
473763521
474014982
474064977
474150810
474285285
474324324
474358908
474637857
474780879
474860244
475044451
475060654
475521829
477320298
477462660
477661584
478090585
478316470
478396033
478547536
478620763
478694848
478738474
478775005
478892419
479136521
479206712
479222519
479348381
479407550
479562353
479645480
479654786
479679437
479705144
479822261
479907962
479940962
479967164
480107778
480151404
480267069
480433983
480652608
480755997
480797742
480848529
480891957
480939477
481025608
481051150
481222651
481243606
481295482
481310695
481407121
481753423
481855261
481929478
482051777
482076329
482185658
482223080
482466455
482509025
482542256
482597696
482654060
482679569
482764907
483050754
483104181
483225027
483302643
483400917
483428274
483469920
483703329
483778668
484404151
484614427
484664092
484691614
484739530
484868296
484876150
484909513
485015543
485049665
485065769
485154671
485177276
485264000
485420189
485532521
485649869
485679536
485786918
485829884
485940995
486063492
486135564
486217140
486227073
486304458
486375045
486409299
486461505
486463848
486604197
486802494
486891033
487090255
487229911
487267366
487535458
487584133
487593406
487612942
487951852
488545523
488664554
488744381
488791109
488867141
488892353
488916575
488966966
489071610
489381348
489451341
489587433
489971685
490277794
490695013
490750717
490827475
490853974
490935682
490975645
490986799
491073095
491108009
491194271
491226182
491256971
491695079
491743424
492248787
492596640
492641619
492674520
492776028
493010032
493121308
493150909
493186186
493300135
493420618
493475134
493624525
493683364
493809391
494297825
494351978
494860211
494985908
495019536
495052833
495109296
495124641
495178266
495186549
495271260
495576444
495838365
496483945
497067848
497485628
497583869
497692373
498378114
498976701
499027753
499100518
499151239
499237204
499343464
499411081
499476949
499536877
499892782
499943536
500055044
500141702
500180114
500328152
500405207
500438702
500583506
500728013
500926178
501116721
501257466
501328812
501381216
501491436
501543279
501605979
501960663
502111309
502306537
502475134
502708774
503088044
503286176
503387585
503440022
503628815
503691350
503733623
503816123
504060225
504124344
504232452
504245685
504381975
504394812
504409926
504552189
505054978
505095073
505215556
505304095
505477213
505704484
505805860
505860673
505903639
505999372
506059367
506167937
506304359
506334092
506507375
506903804
506920436
507050886
507064548
507346137
507546513
507600303
508018942
508045078
508063228
508090651
508216612
508553509
508592878
509054087
509121407
509212718
509254496
509300168
509564663
509737484
509887238
509919479
509953667
510003696
510057519
510164109
510347325
510615021
510763488
510904530
511025575
511082632
511226941
511293205
511399927
511492129
511592779
511869715
512687126
514047289
514278916
514491964
514525327
514640002
514737715
514858990
515022209
515054978
515083226
515186120
515237963
515370590
515406956
515518958
515530772
515571395
515614922
515739464
515907962
515938124
516041811
516151437
516215523
516303897
516475200
516690063
516834867
516951027
517166518
517491634
517598686
517881232
517899349
518302181
518352077
518381711
518547140
518628452
518680031
518771276
518994917
519215061
519367917
519418044
519571989
519637197
519732765
519777480
519819390
519866745
520008019
520045573
520125631
520192126
520224928
520455202
520658053
520793188
520931128
521156486
521442497
521611457
521764049
521823119
521995280
522103950
522253539
522371085
522468567
522948024
523173481
523282513
523517473
523546117
523625416
523691449
523722469
523744348
523833943
523846681
524082764
524185262
524284295
524339768
524435798
524569844
524813615
524843942
524932943
525027720
525376662
525406230
525458172
525633996
525971190
526327294
526334026
526482361
526644820
526931821
527123915
527241626
527621720
527658020
527781110
527897864
527968715
528152757
528185163
528284922
528430914
528499092
528573903
528802131
528949839
529082203
529168465
529242748
529407748
529717486
529826089
529838794
530037422
530206613
530361284
530482262
530623964
530665511
530713460
530784179
530849321
530956901
530989736
531011748
531105468
531298419
531517770
531572946
531604560
531717189
531814077
531994686
532049500
532170742
532237897
532287364
532355476
532383988
532408705
532527736
532597630
532623337
532867438
532994884
533008976
533184140
533382932
533467742
533881628
533892419
533957957
534000264
534018513
534271359
534612447
534806817
534840312
534919644
535180477
535403293
535570933
535690360
535804936
535885456
536241197
536287034
536404745
536448932
536528759
536797445
536936903
537116259
537533511
537718212
537964029
541936936
542008646
542483417
548326667
548602184
548618090
548652872
548706860
548835362
548907632
548950268
548973632
548976965
549028215
549039468
549083622
549183810
549220110
549257664
549336105
549394185
549693264
549833679
549912252
549941160
550022704
550032505
550257400
550288288
550505989
550632412
550739035
550855063
550858957
550946638
551132594
551449394
551556908
551664389
552424578
552586113
552618024
552722667
552758373
552827838
553013893
553174372
553203511
553244266
553271029
553417582
553669108
553718212
553839685
553892980
553919743
553934890
553968748
553990165
554046629
554136059
554676071
554779394
554894828
554965283
554970596
555073425
555138237
555309441
555355740
555382536
555470976
555513546
555572352
555628782
555764808
556006171
556148797
556166353
556211464
556448041
556466521
556548757
556615120
556658020
556835593
556873378
556893079
557052800
557081906
557146487
557200805
557218823
557235884
557288552
557303930
557436920
557526944
557593472
557628584
557641388
557779427
557868098
558006534
558066891
558299211
558345180
558430254
558500280
558630927
558691977
558807477
558864237
558958914
559146124
559303039
559359370
559514371
559588720
559591954
559661551
559986106
560467577
560830973
560961884
561877074
562450912
563287463
564638220
564678744
564756954
564830841
564931326
564943470
564983268
565072468
565072468
565138171
565171567
565190212
565285681
565393228
565438768
565519453
565579216
565611490
565617694
565692868
565738936
565859683
565898425
566032670
566219483
566528462
566576312
566625812
566733953
566733986
566834537
567035343
567175395
567538428
567624393
567674850
567705243
567814374
567825990
567886677
567972048
568012243
568059730
568094710
568143649
568200145
568278124
568559977
568639936
570182919
571811140
571833085
573081543
575504900
575620103
575834669
576703296
577796620
577916311
577956802
577981288
578137049
578209220
578440517
578581196
579151701
579427515
579504405
579519189
579551496
579589017
579633930
579660165
579757218
579953106
579954624
579993234
580021021
580178002
580288519
580480975
580503283
580523446
580647823
580845295
580959673
581050952
581106458
581123288
581344949
581730983
581783288
581882123
581909282
582029436
582415701
582603867
582686565
583457314
583507012
583547833
583607629
583677061
583789393
583822063
583853248
583881397
583904035
583952347
584031746
584052239
584096822
584177606
584234201
584245718
584266442
584503349
584670527
584743292
584809094
584861102
584912846
584963435
585006039
585034254
585046134
585080553
585140217
585172161
585245652
585291126
585323961
585407616
585636900
585702207
585746262
585797907
585930666
585952941
585979539
585993894
586042273
586072072
586105798
586121110
586385968
586463452
586509718
586720225
586875919
586937662
587088902
587105006
587202554
587349371
587581328
587698874
587741180
587773124
587830016
587839652
588054285
588187374
588243078
588376365
588616209
588634821
588728079
588771276
590233574
591128601
591134871
591221331
592320826
592565455
592853380
593011616
593442299
593891561
594323367
594478830
594545556
594660891
594727749
594807312
594892254
595127776
595220605
595272217
595329043
595412929
595493581
595509784
595556941
595590172
595740058
595770979
595919248
595944757
595989505
596045342
596156816
596251394
596381051
596488400
596561000
596715473
596787182
596836154
596944988
597028281
597135432
597285582
597323433
597345576
597364287
597422235
597570438
597588423
597741840
597771012
597808500
597931227
597967758
598081543
598194898
598299112
598328482
598478731
598569151
598693495
598792858
598906411
598944130
599048444
599064944
599327789
599438504
599526218
599528792
599723723
599773091
599957759
600156849
600353331
601022506
601095238
601147939
601208065
601251856
601312741
601327096
601338382
601436491
601477576
601717651
601731973
601877470
601891330
601937464
601995676
602056199
602102564
602204732
602233277
602334389
602433488
602681714
602725142
602754908
602959277
602973896
603042999
603203544
603252879
603465201
603522060
603713823
603980133
604351384
604413589
604656469
604755799
604856086
605142857
605225423
605345774
605644424
605871662
605950268
606109725
606224730
606697587
607161271
607229548
607263901
607281358
607397122
607419364
607563574
607582153
607723492
607783024
607949872
607980925
608039831
608121242
608147510
608220242
608278289
608450153
608515394
608553377
608608025
608619113
608701679
608716463
608741906
608811503
608879285
609041382
609143055
609237501
609360327
609580140
609856680
609917004
610006996
610223542
610383196
611202191
611422004
611438570
611486816
611559251
611732501
611954261
611994224
612387090
612549417
612685014
612778041
612884730
613013464
613620730
613830379
613871893
613926838
614134574
614420651
614530310
614547965
614586542
614847902
614952479
614973764
615022737
615073458
615123552
615221628
615630498
615664059
615698412
615793122
615904002
615926277
615977229
616150117
616283701
616440517
616498036
616563970
616675312
616731016
617021087
617034089
619591822
619974292
620006963
620070917
620127446
620672936
621172260
621287232
621453090
621492921
621509421
621545094
621565620
621587103
621605583
621642444
621909810
622045507
622063888
622130746
622151206
622281787
622346104
622433818
622449262
622511698
622597168
622700689
623003003
623056925
623124344
623302874
623307032
623447414
624004587
624428769
624496056
624557205
624789888
625053493
626407682
626458865
626618321
626702009
626822624
626852159
626878097
626939411
626972213
627045969
627076098
627107217
627624954
627832887
627885786
627962049
628059994
628229977
628266310
628294162
628351549
628462792
628500676
628523248
628598950
628852918
628901428
628954096
629198660
630233244
630519717
631480909
631563772
631663531
631761772
631771474
631862818
631895356
631965415
632013959
632104940
632284295
632336831
632462858
632552651
632676203
632730719
632988317
633160611
633215754
633300300
633330033
633412203
633440979
633497376
633521235
633638385
633668910
633718146
633811107
633883377
633906444
633950763
633975777
634051315
634111111
634189915
634226050
634255156
634295416
634482427
634588588
634743655
634850278
634963369
635013233
635105666
635213576
635269082
635388740
635529155
635882948
635931755
636039798
636244233
636487674
636599346
636718212
636726099
636804771
636866613
636918060
637038676
637080982
637143583
637345906
637684519
637740850
637977691
638005676
638022935
638167178
638274725
638486684
638522621
638690789
638709698
638773586
638925452
638936672
639169389
639273867
639354948
639417285
639462858
639555984
639602943
639747351
639801966
640137676
640192060
640282843
640446820
640492492
640541233
640578061
640716826
640739497
640804573
640883806
640920370
641008811
641033297
641178728
641389796
641558657
641676962
641717453
641739332
641803121
641892980
641923967
641960795
642083655
642169752
642217503
642398574
642506550
642723525
642849189
642868230
643105996
643147411
643210045
643434709
643460680
643527868
643584265
643942480
643967065
644065637
644078705
644149556
644164439
644268224
644320232
644365277
644383625
644427119
644529617
644653862
644731214
644773190
644850608
644894135
644953238
645124971
645209517
645246675
645274791
645426426
645610038
645681912
645726033
645731742
645904695
645956472
645965811
645974589
645974688
646193413
646257631
646502623
646592053
646623766
646707289
646988845
647131109
647242220
647400950
647518298
647536118
647663399
647692736
647860112
648022803
648184338
648564399
648600666
648710061
648787809
648803187
648951456
649088275
649138237
649176385
649270930
649422928
649451077
649761640
649901626
649905091
649993762
650247071
651152559
651299079
651376002
651919578
652336072
652481536
652588819
652761244
652882882
652887931
652897072
653026862
653160776
653173613
653253902
653690228
654653136
654752763
654836946
654925749
655577698
655726561
655830280
655894135
655990924
656189981
656237699
656286572
656573837
656598719
656627891
656693198
656801570
657931689
658147279
658449526
658681780
658899316
659313434
659372438
659438570
659751806
659771276
659886347
659929247
659945978
659960630
660097977
660699270
660757680
661424611
661592152
661708741
662186978
662285714
662953568
665698808
665830115
666056199
666581229
666811239
667058707
667191697
667287760
667337293
667445797
667572682
667633732
667772266
667890241
667989835
668054021
668096723
668121044
668592515
668679437
668736230
669030030
669082236
669260865
669391941
669463089
669561594
669645282
669888063
670028050
670089496
670162690
670246477
670373362
670442893
670466422
670551991
670607464
670655875
670713361
670933438
671465201
671575982
671639507
671670659
671687720
671798303
671844008
672900141
673131868
673256773
673315810
673408474
673728244
673770880
673840378
673878196
673920139
674056397
674116457
674199188
674323367
676535689
677331617
678526680
679379995
679636504
679809193
680010296
680045045
680370227
680839091
681214236
681346632
681412863
681443289
681521862
681572748
681737715
681876579
682183150
682201366
682240966
682260931
682324819
682371679
682546909
682604626
682646272
682836583
682892320
682920898
682951456
683067551
683141339
683168597
683236247
683449823
683474177
683529155
683547734
683595947
683783321
683900933
683911559
683982179
684014916
684098835
684151767
684197505
684505956
684623271
684687258
684706464
685074052
685357951
685599346
685641322
685725604
685869880
686139788
686421014
686579282
686671253
686745965
686891759
687214203
687235818
687288354
687346170
687774543
688286275
688342705
688941160
689119856
689346731
689458073
689556644
689680427
689814770
689830775
689969243
690105666
690241725
690293370
690361515
690413886
690653400
690726165
690793353
690811536
690826518
690985215
691018909
691096789
691168729
691277662
691296571
691558492
691583209
691977031
694624360
694982707
695004191
695362175
695504141
695946143
696007623
696197835
696229713
696274791
696288222
696322509
696387189
696397683
696424182
696768042
697199518
697242187
697254793
697416658
697499323
697678777
697863313
698008613
698106458
698991188
699534534
699600633
699703032
699778437
699899250
699972840
700092136
700996204
701471339
701558789
701815034
701919017
702789822
704055407
704160842
704281457
704351846
704600798
704782826
705267696
705847011
705870045
706045705
706251163
706365343
706461076
706611424
707915849
708022407
708092763
708487443
708579579
712294558
712621786
712695244
712922878
712980067
713308616
714340131
714842556
715112629
715453849
715745272
715878625
716178794
716373329
716461439
716570768
716734481
717023562
717141999
717486618
717580371
717759891
718041712
718116820
718220407
718235488
718287496
718351582
718367752
718738672
718806982
718856152
718903375
719013167
719090585
719572451
719864138
720438042
721200805
721267465
721727386
721820512
722100683
722165000
722397815
722451605
722474738
722520179
722756228
722866778
722971223
723185724
723257862
723296076
723356301
723390192
723506880
723636108
723784245
723932943
724202389
724277002
724284262
724316140
724356631
724683364
724711051
724785103
724858264
725000726
725198990
725389202
725465366
725484671
725591360
725780648
725862290
726073392
726181665
726255585
726988152
727045474
727275385
727333300
727392469
727410784
727555819
727621456
727766128
727850245
728065703
728105930
728309870
728423522
728508596
728580998
728758505
729346566
729964392
730107943
730339372
730379170
730452562
730574662
731007227
731192555
731356334
731393525
731514701
731564102
731572748
731608289
731663927
731896379
732019635
732019668
732136257
732284526
732354321
732390555
732394812
732465333
732493086
732516054
732555456
732698940
732935715
732971454
733193941
733236379
733299475
733515361
733727518
733904266
733949080
733963534
734002574
734021351
734216084
734260040
734298419
734348018
734418176
734462660
734533148
734541794
734632313
734867240
734976899
735026862
735174669
735214302
735312213
735369798
735477510
735481008
735589083
735779427
735976470
736014982
736103488
736371580
736406329
736423423
736589083
736716364
736781770
736865623
736950235
737079464
737105930
737132858
737218163
737372042
737505494
737579414
737579480
737710457
740436458
740708510
740934560
741295185
741433587
742842259
742918753
746083754
746226446
746574332
746856086
746895290
746961455
748433917
750303402
751329043
751392469
751523182
751622050
752041481
752561363
753161403
753287034
753534171
753607233
753913572
754258093
754397287
754653565
754882750
755840477
757739662
757934560
757991419
758037686
758109098
758129261
758151239
758173283
758274164
758334785
758547437
758642015
758707388
758885951
759124245
759164604
759246675
759346929
759455697
759560802
759676632
759784047
759858495
759916740
760084744
760121242
760262383
760417153
760612381
760703890
760763653
760821700
760894366
761066660
761516285
761589446
761660759
761727947
761777051
761835197
761878163
761969309
762112596
762238392
762332970
762424743
762474441
762502590
762549417
762594000
762627858
762681978
762717750
762778833
762894366
763016434
763098340
763665577
763671715
763780318
763845988
763870705
763939609
764024486
764043065
764075042
764152526
764196482
764220209
764248094
764452034
764544071
764659439
764737880
764752994
764869682
764938487
765048015
765125202
765316569
765336699
765455862
765474507
765543642
765953337
766247005
766302808
766377289
766565488
766645711
766803451
767100386
767237501
767281721
767638286
767694980
767779658
768029106
768108141
768163383
768206943
768244695
768331023
768740718
768919413
768982311
769174009
769388113
769653598
769729861
769904068
770789525
771091113
771652311
771698676
771960630
772545358
773004983
773030624
773125433
773154506
773175197
773373296
773588489
773688710
773977460
774033792
774069762
774195657
774222981
774268620
774379401
774379434
774423027
774449493
774639606
774731280
774863280
774937365
775032571
775154935
775269115
775547701
775573672
776138039
776181434
776326733
776384549
776430518
776502920
776605946
777253803
777308187
777377784
777953502
778508860
778563904
778606507
778700854
778729267
778751674
778846549
778861168
779273834
779959640
780023430
780091773
780170313
780254430
780283140
780371712
780578787
780925980
780974226
781079926
781217338
781243177
781327261
781363330
781495891
781626208
781677919
781837639
781966372
782390060
782487212
782846747
783618354
783708180
783724614
783874335
784121440
784191697
784377718
784530739
784611457
784675180
784834471
784943767
785087615
785146355
785235587
785516120
785598818
785930006
786076824
786341946
786748803
786858792
786937695
787076857
787807213
787975810
789158862
789230208
789301125
789379731
789663432
789815166
789893838
789966801
790012342
790176055
790232320
790568392
791076890
791278091
791364617
791441540
791500973
791697488
791721182
791774609
791890076
792067716
792112662
792245124
792517605
792751245
793569382
793688545
793997788
794069399
794131241
794193875
794239052
794358875
794393228
794455433
795076626
795251922
795290400
795357258
795461109
795665874
795702075
795746031
795843909
796012210
796158070
796301125
796377751
796411510
796478962
796582384
796612975
796779526
796822789
796883410
796913473
797009405
797190014
797261558
797431376
797544467
797806586
798160545
798379698
798444378
798609972
798688446
798754578
798834009
799239283
799582978
799596475
799846714
799891264
800027555
800086262
800189255
800369600
800628386
800707025
800736494
800769131
800854007
801026928
801381678
801456720
801564168
801601392
801608322
801626142
801660594
801783552
802183315
802210870
802233178
802301587
802394548
802669768
802866679
802947430
803090948
803195228
803221166
803381777
803434082
803692307
803860508
804001980
804079497
804358083
804373824
804464970
804868164
804929709
805169158
805272184
805410223
805522324
805861663
805947001
805970794
806018216
806046662
806543378
806770319
806845229
806881166
806953205
807087615
807343728
807503613
807748176
807820974
807915387
807996501
808131901
808473022
808507672
808538494
808561561
809005082
809074712
809248391
809293964
809370326
809500742
809652410
811404052
811532257
811669537
812106821
812144804
812149391
812224862
812276639
812289410
812313797
812343266
812377685
812400587
812942414
813914298
813934659
814052074
814794145
815026334
815165264
815305382
815346335
815580503
815844767
816013596
816796290
816905322
817026796
817098538
817216414
817487641
817505659
817530178
817661188
817694815
817747219
817939048
818018876
818362175
818496089
823442101
823572088
823747285
823924198
823942150
823985083
824275385
824691053
824706035
826135267
826167739
826841170
826874071
826889416
826981585
827017721
827124080
827186582
827279114
827301422
827565026
827634095
827702669
827740553
827829158
827900438
827926277
827981783
828055110
828087978
828140052
828159489
828217833
828244959
828279543
828310101
828428010
828555654
828852918
828985347
829101541
829264198
829361251
829667524
829709929
829877800
829922581
829964986
830031482
830131472
830790680
830884829
831030690
831106953
831163977
831308649
831563376
831623106
831804375
831916674
832027291
833016071
833473022
833941358
834200970
834294294
834522918
834642510
835161007
835531729
835579018
835777183
835950862
836028578
836412764
836689700
836831435
836885654
836938685
836966834
837099825
837356070
837469722
838145035
838292215
838384219
838416988
838439560
838545622
838553113
838587103
838605385
838801966
839314556
840516285
840565620
840571527
840602844
840684024
840712701
840740817
840836319
840990693
841065274
841152955
841215754
841379863
841518430
841619344
841679371
841750354
841778602
841937266
842029568
842100914
842571857
842825693
843021351
843168894
843203247
843379731
843572649
843758901
843858165
844157476
844295449
844475893
844582582
844669273
844714516
845436623
846147675
847048906
847297165
848574431
850977493
851031845
851189552
851288651
851548757
851612315
851667953
851708807
851991023
852210177
852238293
853332970
853776886
854000693
854017028
854124146
856155100
856320826
856556248
856651222
856847605
857690030
858790977
858961092
859038280
859120549
859233772
859458898
859510411
859617232
859669669
859753456
859805398
859926046
860118140
860155529
860305514
860354618
860394548
860496155
860657756
860735669
860851664
861063690
861105633
861319308
861420321
861513678
861579513
861694221
861829587
861892848
862026664
862088374
862150447
862398046
862450846
862516648
862663828
862770814
862826947
862902979
862973434
863109098
863118371
863459063
863490215
863575718
863640728
863770748
863827343
863879087
863956835
863983895
864116193
864331155
864749298
864941226
865016632
865496353
866573078
867665841
868460746
868782826
869057519
871820380
871936705
872162063
872799887
873007821
873130218
873394548
874604956
874716760
874822426
874969111
875173580
875272844
875289740
875323466
875337425
875377817
875430419
875504273
875561825
875630168
875725274
875794145
875864006
875895719
875910668
876010197
876140283
876255816
876434808
876483582
876527274
878055143
878571989
878794442
878849816
878970332
879016731
879086361
879156618
879300729
879427812
879461208
879504933
880006468
880465399
880677919
880931920
881144012
881558921
881912153
883756492
884288288
884711843
884730290
885210738
885283536
885568095
885605286
885715143
885952149
886175164
886305085
886405075
886427119
886597168
886752532
887122727
887236247
887264957
887395802
887470349
887509058
887560175
888737319
888812460
888924891
889015675
889041514
889073953
889141966
889158070
889282183
889396363
889466158
889510345
889687324
889728640
889750684
889789294
889949278
890003960
890072600
890088638
890104709
890162756
890200277
890544401
890721380
890810381
890859881
890885786
891250866
891328317
891410058
891538032
891662475
891718377
891809787
891867405
891889053
891918027
891980298
892130977
892176022
892184074
892425370
892486915
892627033
892644424
892673035
892710490
892783585
892849024
892892254
892940104
892981552
893105336
893126588
893223509
893239349
893391776
893413754
893439164
893518529
893628848
893848430
893874071
894028941
894096855
894141108
894293865
894320826
894423093
894500841
894561528
894607299
894638880
894653928
894723558
894760518
894924627
897063987
897373263
898108075
899310332
899957033
900070950
902577005
902868329
902954525
903052899
903303270
903795366
904022704
904247533
904581328
904704484
904862488
904889746
904944295
905016962
905100221
905259809
905336270
905407352
905567336
905606408
905702867
905765336
905841269
905907368
905941688
905978945
905988317
905999966
906056661
906074085
906235653
906285879
906334521
906352836
906663564
906751014
906853842
906974061
907136290
907199023
907435996
907671715
907935649
907970794
908008349
908215589
908277068
908412962
908591888
908891891
908981222
909064350
909177408
909239514
909282777
909313797
909490776
909641025
909690822
909808005
909846549
909902319
909946407
910084843
910244134
911226611
911713889
911887667
912188760
912253275
912357126
912425139
912530805
912649341
912677160
912693033
912705969
912743754
912926904
913036036
913127116
913216315
913383361
914105435
914121407
914208659
914237402
914307923
914404877
914481602
914530805
914575586
914714879
914776820
914893244
914944823
915061380
915159687
918064812
918142626
918493713
918561198
918672342
918936672
918988680
919063360
919097416
919351318
919446523
919547437
919566808
919660066
919816354
920169983
922033132
922136818
922166815
922207834
922397155
922959508
923036300
923301554
923488466
923929973
924238722
924282645
924508728
924516153
924760716
924954096
925036861
925072996
925154374
925355212
925419364
925442365
925490941
925527241
925559647
925571461
925590370
925909876
925952710
925974028
926026895
926091773
926168828
926278916
926339570
926441837
926471075
926512424
926532158
926589479
926734613
926760551
926993300
927059136
927139227
927181500
927201168
927362538
927389631
927433125
927759627
927915420
927985842
928042537
928073656
928108042
928139425
928192489
928388245
928447876
928486189
928527175
928606672
928927135
929001518
929020130
929103620
929280302
929480051
929573210
929617298
929633039
929868098
929906345
929970035
930357720
930418506
930489126
930583407
930810018
931016665
931043659
931097449
931634491
931898656
931954822
931981288
932156684
932226281
932583143
932753258
932788832
932872157
933033495
933253077
933320364
933535392
933824208
933915222
933964293
934093489
934150777
934448239
934486882
934540012
934618420
934810777
934866943
934975942
935025311
935109692
935120747
935229086
935331419
935487047
935515757
935529287
935606474
935685443
935758868
935795696
935861267
935938520
936145563
936182886
936252978
936351879
936605946
936736263
936804309
936981882
937016005
937104742
937158994
937282777
937322047
937420783
937513480
937543147
937626109
937829455
937999933
938035178
938126621
938159555
938198066
938241890
938328515
938379368
938455730
938571428
938595848
938659076
938767976
938857901
938903837
938954261
939004983
939061512
939123552
939152988
939224334
939278817
939306108
939484110
939895488
939984093
940019107
940213543
940274263
940337194
940393129
940429759
940478599
940543312
940618288
940771804
940910635
941031482
941144342
941211794
941254430
941274032
941382008
941512655
941535788
941584430
941637263
941684882
941724845
941759396
941860310
941910206
942000792
942034320
942167013
942285483
942318582
942408705
942497409
942574332
942591822
942853710
942938784
943022803
943119790
943284328
943529485
943578853
943769890
943854205
943971883
944072633
944112299
944191730
944191730
944255981
944430617
944479886
944578259
944660561
944769131
944949773
945104940
945362538
945453354
945525228
945734448
945774312
945927663
946023001
946124542
946177837
946284064
946347655
946366597
946531762
946757152
946856581
947455235
947464904
947639408
947748110
947748110
947792528
947940071
948055242
948166023
948196713
948240471
948296109
948455565
948747087
948790383
948908754
948928587
949051183
949124608
949222783
949283965
949380358
949427251
949938355
950108768
950441309
950760287
950790482
950850773
950873741
950983763
951001089
951115467
951239250
951293964
951378081
951410190
951475596
951518595
951603141
951713328
951793617
951818565
951840444
951853017
952083490
952153945
952196317
952235785
952322113
952375408
952415899
952436821
952533280
952565488
952593769
952733029
953099759
953221067
953378345
953389697
953436623
953702339
953764478
953904992
954015807
954149226
954198660
954259050
954348612
954486387
954570900
954637197
954677127
954702537
954737517
954806685
954933240
955078375
955105831
955255090
955364683
955445533
955633633
955727584
955815628
955882189
956164736
956806454
956920205
956978285
957968946
958689535
958840873
958921195
959287331
959876216
960020328
960136620
960219879
960290895
960359634
960583902
960678018
960855459
960897567
960991914
961093390
961204171
961270006
961285186
961316668
961390654
961499092
961525228
961622479
961646239
961777579
961859089
961992805
962039369
962100419
962123684
962197769
962518760
962643797
962822162
962885093
962951588
963026301
963040128
963089430
963205458
963362241
963718410
963838530
964122859
964145695
964262845
964429429
964508959
964781341
964886281
965049005
965235851
965351153
965414942
965446556
965865458
965904035
965926871
965973698
966018942
966037554
966096723
966122727
966157476
966190608
966242319
966400059
966478434
966499818
966595221
966641025
966682374
966700722
966725967
966749265
966775500
966803385
966911493
967059994
967127644
967176748
967327558
967350229
967460581
967705804
967802989
967861861
968031350
968095139
968155133
968283668
968535920
968821997
969013365
969030888
969098076
969122463
969505956
969629508
969811734
970004158
970213807
970304623
970366960
970440682
970496287
970670890
970799788
970911757
971145596
971207108
971575091
972058938
972590997
972857571
972895818
973087186
973237699
973477642
975538890
977545325
979461175
979601953
979763224
980007524
980046695
980496782
981426195
981648219
982548427
982691449
983171501
983507012
983780021
983820050
983880341
984218823
984431673
984450945
984740586
984798105
984972576
985063624
985567435
985632082
985762201
986486486
986560406
987094644
987385374
987434346
987598785
987784641
987891528
987902682
988189420
989225258
989299937
989361845
989570999
989694749
989705408
990149358
990371811
990570042
990637593
990874797
990971256
992466356
992586773
992667689
992780714
992791340
993150051
993260865
994264132
994355014
994419397
994633567
994665511
994749364
994783156
994833151
995233178
995323466
995429693
995620268
995761904
995867339
995966306
996299970
996411807
996480282
996518364
996551463
997454476
1000699072
1001926079
1002640728
1002990792
1004251394
1004289938
1004428571
1004646602
1004806388
1005367422
1005461670
1005571329
1005622974
1005716100
1006040491
1006097053
1006150183
1006187440
1006301686
1006334422
1006387750
1006508530
1006568491
1006581658
1006635151
1006878328
1007006204
1007160116
1007448503
1008862620
1014313929
1015979044
1016199782
1016266805
1016336567
1016396561
1016533049
1016652443
1016717453
1016986238
1017107514
1017184503
1017230703
1017375705
1017476487
1017562980
1017637065
1017716166
1017737286
1017755370
1018186285
1018374385
1018529980
1018563046
1018609114
1018646701
1018715671
1018841929
1018852984
1019014025
1019042075
1019083523
1019154902
1019203808
1019292413
1019341484
1019583110
1019643566
1019716892
1019810315
1020014190
1020415206
1020598587
1020674388
1020778074
1020879186
1021072204
1021546513
1021685278
1021937497
1022123519
1022219549
1022350097
1022742665
1023032439
1023789195
1023874137
1024015939
1024113454
1024348810
1024446160
1025046332
1027268026
1027328020
1027638517
1027737649
1027754248
1027842127
1028116952
1028265485
1028361977
1028383658
1028387750
1028411609
1028429363
1028486222
1028505989
1028593835
1029204336
1029460383
1029594693
1029646107
1029749826
1029770484
1029821436
1029861630
1029880836
1029921261
1029935847
1030146388
1030167805
1030426327
1030603966
1031057255
1031136653
1031203643
1031310860
1032046167
1032207471
1032995115
1033038313
1033084645
1033201234
1033232254
1033482823
1033743028
1033820149
1033897435
1033960399
1034010857
1034136917
1034316305
1034376002
1034405108
1034695805
1034812592
1034941985
1034963336
1035015609
1035109494
1035216612
1035309276
1035526977
1036530310
1037047190
1038071742
1038530112
1038728178
1038970662
1039088968
1039230076
1039485133
1039595749
1039647955
1039720852
1040000528
1040285846
1040602646
1040679734
1040897336
1041080883
1041195723
1041215325
1041366795
1041529881
1041693660
1041757449
1041845559
1041895950
1041990000
1042070950
1042499356
1043322113
1043352473
1043407451
1043483648
1043495990
1043552981
1043650991
1043674949
1043701349
1043790548
1043879615
1044016797
1044082929
1044368907
1044504768
1044598323
1044631521
1044873444
1044913572
1045069762
1045212256
1045242517
1045394977
1045460317
1045579282
1045639672
1046019800
1046144276
1046395208
1046432234
1046490611
1046768999
1046810117
1046838035
1046858693
1046974952
1047081642
1047167211
1047213246
1047979242
1049019767
1049251658
1049273504
1049291786
1049704187
1055500478
1056181500
1056402963
1056452430
1056563178
1056601128
1056628848
1056662310
1056819720
1056832557
1056886281
1057352176
1057389697
1057496518
1057557502
1057640629
1057754842
1057984324
1058078672
1058146454
1058380556
1058891924
1058893607
1059101640
1059860574
1059884796
1059907830
1059975381
1060010230
1060044682
1060064053
1060075438
1060083391
1060102861
1060221331
1060240933
1060335940
1060639606
1060782529
1060841962
1060941424
1061204765
1061253341
1061565257
1061767019
1061835857
1061868428
1061912615
1061989274
1062071181
1062103554
1062141141
1062141207
1062184635
1062270765
1062369732
1062423291
1062503547
1062553377
1062581394
1062694254
1062974259
1062993894
1063052800
1063196251
1063250800
1063310233
1063351714
1063422565
1063464805
1063490347
1063579447
1063663432
1063812328
1063839454
1063900207
1063993234
1064046794
1064077913
1064267267
1064331881
1064703725
1064801867
1064841665
1065357489
1065395439
1065482031
1065646734
1065679800
1065808401
1065902187
1065975579
1066032010
1066461142
1069160908
1069896907
1070959343
1071087153
1071147048
1071325314
1071364254
1072545457
1072590535
1072660759
1072690657
1074165099
1074379863
1075359733
1075484704
1075580602
1075708510
1075797115
1075852291
1076330792
1077450054
1078147675
1078299805
1078420783
1078504801
1078557700
1078654126
1078750519
1078809193
1078928389
1079010494
1079066726
1079150942
1079239151
1079366498
1079492756
1079579579
1079923835
1079983928
1080200343
1080202026
1080229416
1080253671
1080568425
1080690261
1080820380
1080889812
1080921921
1080999933
1081035277
1081138666
1081140811
1081155793
1081218196
1081256278
1081338217
1081351351
1081437943
1081490545
1081563409
1081587136
1081657129
1081772431
1081811734
1081924000
1081939312
1081963303
1081978054
1082060687
1082079167
1082122100
1082352374
1082376596
1083766755
1084074646
1084119955
1084167079
1084368379
1084477741
1084495462
1084507507
1084572187
1084638055
1084752070
1084873741
1084888261
1084967956
1084990990
1085166815
1085346269
1085519585
1085608091
1085693957
1085756360
1085835164
1085935385
1085978285
1086131868
1086158103
1086257466
1086312312
1086351483
1086706563
1086821502
1086894201
1087146685
1087314787
1087314787
1087461934
1087489423
1087544038
1087722205
1087735834
1087782925
1087896313
1088439395
1088531399
1088635712
1088841632
1088876546
1088940566
1088972609
1089061512
1089129657
1089176649
1089207405
1089234729
1089311817
1089579480
1089668118
1089756888
1090170049
1090507309
1090754776
1091087681
1091128568
1091200145
1091207141
1091267927
1091374253
1091618321
1091700755
1091853545
1092060258
1092355080
1092738738
1093047850
1093480711
1093894597
1094170643
1094259644
1094364254
1094945186
1095131076
1095315381
1096040491
1096266244
1096321948
1096458931
1096473748
1096542157
1096554466
1096619113
1096632709
1096883740
1097641487
1098350691
1098556677
1099039138
1100622743
1100719829
1100762729
1101088836
1101221199
1103895389
1103980430
1104101904
1104258951
1104288255
1104326568
1104371745
1104532752
1104576906
1104609840
1104714681
1104741675
1104749100
1104766029
1104772662
1104792297
1104823482
1104942084
1105010329
1105166683
1105407682
1105513711
1105794442
1105819786
1106044880
1106172359
1107768306
1108521763
1108577731
1108594990
1109293601
1109419265
1109578391
1109747714
1110260106
1111715539
1112071214
1112229185
1112346599
1112537702
1113301125
1114338778
1114780219
1114809292
1114950169
1115137445
1115207273
1115452991
1115655215
1115706101
1115764907
1116014586
1116042141
1116169488
1116269775
1116409497
1116572583
1116580074
1116602811
1116766194
1116833844
1116914430
1116941985
1116974457
1117030888
1117155166
1117212157
1117317229
1117369534
1117430914
1117479094
1117537636
1117552123
1117619476
1117633996
1117658416
1117786258
1117964029
1117987558
1118010032
1118134607
1118212091
1118419430
1118539187
1118662079
1118687093
1118736890
1118785796
1118862785
1118929082
1118972906
1119001419
1119125895
1119179157
1119250404
1119348909
1119387222
1119805662
1119888294
1119973038
1120076527
1120242319
1120281391
1120447579
1120514503
1120562749
1120631125
1120645546
1120881166
1120934098
1121167310
1121261789
1121367917
1121438273
1121455499
1121550572
1121568920
1121747417
1121764115
1121810513
1121910041
1122008316
1122039468
1122080784
1122158169
1122263604
1122462759
1122536877
1122629376
1122722898
1122949872
1123057981
1123396099
1123780681
1123813186
1124243045
1124266937
1124443157
1124550902
1124594198
1124976041
1125099528
1125584694
1128320166
1128728508
1128823911
1128997590
1129064746
1129088341
1129227535
1129593967
1129691449
1129705078
1129807081
1129971619
1130143517
1130189585
1130318021
1130431376
1130545325
1130617265
1130784938
1130819918
1130866844
1130893178
1130913605
1131361218
1131414909
1131600336
1131722634
1131777315
1131859419
1131909546
1131997623
1132074646
1132166914
1132289542
1132439230
1132534237
1132741378
1132858066
1132937431
1133022737
1133122397
1133156420
1133287892
1133504537
1133556644
1133708873
1133853314
1133874467
1133911031
1134102201
1134228723
1134360822
1134445764
1134531069
1134567765
1134602712
1134736494
1134919776
1134947100
1135164340
1135281919
1135418374
1135439725
1135528858
1135585684
1135653961
1135688479
1135737814
1135778239
1135895554
1136026466
1136230175
1136299772
1136349833
1136485958
1136505758
1136656700
1136953436
1137013233
1137094512
1137132825
1137153417
1137189981
1137198297
1137248655
1137336699
1137443421
1137542223
1137648846
1138125433
1138262383
1139303534
1139423687
1139524964
1139692472
1140001221
1140220176
1140357291
1140486453
1141217932
1141418473
1141731049
1141910173
1141998580
1142107811
1142209484
1142306075
1142344850
1142481338
1142531234
1142605088
1142646767
1142764478
1142885885
1143333267
1143456291
1143673035
1145158037
1145700920
1145788601
1145830247
1145853809
1145930732
1146059037
1146113223
1146219912
1146251988
1146340131
1146393030
1146429528
1146446391
1146505263
1146521664
1146624426
1146658713
1146673761
1146817509
1146835890
1146888393
1146992211
1147088242
1147223179
1147374088
1147529353
1147586179
1147751575
1147943965
1147978912
1148332937
1148427317
1148513414
1148561000
1148837441
1148901131
1148910272
1149001089
1149155991
1149252945
1149652278
1149756459
1149947133
1150020988
1150099033
1150179751
1150309804
1150507045
1150602481
1150703428
1150932316
1151077913
1151105270
1151127215
1151194700
1151219153
1151324192
1151389565
1151437316
1151497310
1151497343
1151566115
1151826551
1151888393
1152579084
1153247170
1153486024
1153722733
1153948321
1154051315
1154096987
1154301818
1154420717
1154458304
1154635217
1154693429
1154771210
1154915519
1154998415
1155023661
1155496716
1155797346
1155918225
1155933636
1155975282
1156074778
1156192852
1156239415
1156423621
1156457974
1156485331
1156555126
1156656238
1156700392
1156724680
1156742203
1156877470
1157010032
1157056133
1157106656
1157122463
1157145530
1157243243
1157285912
1157302115
1157336204
1157405669
1157478962
1157499851
1157863313
1158053196
1158163713
1158273702
1158404877
1158479589
1158523314
1158668811
1158779988
1159021549
1159102135
1159368115
1159460350
1159520476
1159536514
1159554103
1159582549
1159667095
1159780384
1159809226
1159858396
1159990099
1160190575
1160260931
1160504801
1160595980
1160680493
1160767151
1160767217
1161370689
1161698808
1161843183
1162045144
1162201927
1162339108
1162416724
1162482889
1162926640
1164107943
1167471504
1167547965
1167834999
1168627297
1168789096
1169118107
1169195393
1169434742
1169560109
1169655380
1169941820
1170179685
1170292215
1170369039
1170417054
1170476949
1170575784
1171073821
1171357720
1172107118
1172404877
1172537537
1172604032
1172713064
1172830544
1173307626
1173309144
1173546216
1173573540
1173670461
1173754380
1173894333
1174082467
1174107745
1174154539
1174211926
1174313104
1174936903
1174963171
1175020229
1175152790
1175216810
1175364320
1175840741
1176052371
1176295251
1176596013
1176673761
1176760749
1176857373
1176901263
1177102234
1177383625
1177521037
1177561330
1177600039
1177765600
1177841335
1177887205
1177970695
1178082995
1178148698
1178367059
1178697752
1179097086
1179174306
1179211827
1179278652
1179518463
1180024783
1180176913
1180262053
1180501765
1180529518
1180587499
1181007656
1181095238
1181442992
1181551199
1181745140
1182006336
1182105039
1182172656
1182252846
1182403128
1182455433
1182512061
1182671979
1182844635
1182915486
1183211464
1183283866
1183398013
1183446193
1183512523
1183524964
1183601722
1183603306
1183755997
1183887403
1183932778
1183964095
1184096195
1184215556
1184244266
1184298782
1184598587
1184627561
1184651816
1184789228
1185205788
1185285450
1185489885
1185507342
1185545820
1185680559
1185834900
1186406659
1186475134
1188918060
1189358842
1192274692
1193584265
1193595056
1193925716
1194190773
1194591360
1194796290
1195039798
1195123948
1195160908
1195264957
1198287463
1198357786
1200238491
1201112002
1201482823
1203536217
1204204039
1205564531
1206359139
1206452892
1206482526
1206621720
1206709665
1206733458
1206834537
1206856251
1206875589
1206907302
1206971025
1207023100
1207069828
1207258291
1207311718
1207346533
1207387288
1207448503
1207650892
1207734184
1207782430
1207851235
1208126720
1208349140
1208417252
1208527175
1208669108
1208821931
1209045111
1209196053
1209332310
1209349371
1209371778
1209720060
1209762795
1209882057
1209922581
1209984984
1210056496
1210070719
1210132957
1210164109
1210206811
1210369765
1210463056
1210583308
1210613206
1210666138
1210675906
1210772662
1210834174
1210910503
1210919215
1210949245
1211012705
1211012738
1211124476
1211170709
1211197604
1211244464
1211281952
1211312246
1211406824
1211614922
1211648780
1211856812
1211883509
1212041118
1212099033
1212227568
1212612018
1212860442
1212966933
1213827508
1213902715
1214082797
1214233904
1214414249
1214505131
1214720621
1214830511
1215019833
1215107712
1215173019
1215182490
1215356169
1215421014
1215438768
1215559548
1215642873
1215751971
1215797676
1217859320
1217914298
1217971091
1218157773
1218243969
1218340098
1218391941
1218506748
1218629178
1219016335
1219053130
1219107250
1219153846
1219202785
1219339141
1219489555
1219506286
1219574035
1219604065
1219647856
1219702141
1219744975
1219778701
1219854898
1220178101
1220296307
1220451407
1220510114
1220627594
1220723129
1220891660
1221048444
1221188991
1221261327
1221325545
1221394647
1221412005
1221475728
1221545787
1221581130
1221619047
1221645645
1221731478
1221848199
1221870144
1221907104
1221921855
1221961554
1222059961
1222081807
1222135036
1222178629
1222229878
1222276738
1222320034
1222354618
1222395109
1222456489
1222537801
1222551925
1222583605
1222662574
1222700524
1222737220
1222774807
1222856515
1222910404
1222949971
1223072765
1223164142
1223191565
1223194304
1223223575
1223424446
1223606936
1223626241
1223669273
1223750453
1223790779
1223879681
1224072567
1224132891
1224198264
1224255948
1224368610
1224457182
1224501468
1224539286
1224629046
1224662343
1224718641
1224760617
1224788238
1224866613
1224927432
1224997359
1225049434
1225162756
1225177276
1225273900
1225423357
1225650265
1225740487
1225759726
1225840246
1225860145
1225880407
1225988284
1226036399
1226237501
1226259875
1226409365
1226618552
1226671154
1226964095
1227071478
1227201894
1227428901
1227577071
1227723723
1227780483
1228089133
1228536613
1228585222
1228642444
1228732006
1228783387
1228850212
1229201333
1229341946
1229390258
1229431211
1229442035
1229474870
1229502590
1229526647
1229598191
1229695871
1229766854
1229968814
1230134409
1230155727
1230196185
1230231264
1230276507
1230350691
1230408903
1230447579
1230505098
1230586377
1230792825
1230961257
1231200673
1231350757
1231454773
1231637956
1231755535
1231817080
1231825891
1232016467
1232169158
1232251922
1232302313
1232372999
1232421047
1232467346
1232516450
1232619476
1232638847
1232747912
1232848694
1232892353
1232973203
1233110616
1233226974
1233293205
1233399762
1233440550
1233493680
1233505923
1233595287
1233668976
1233804309
1233808566
1233843150
1233892485
1233944526
1234151437
1234353265
1234528957
1234777810
1234818004
1234958353
1234971322
1235010098
1235017688
1235107448
1235186120
1235266475
1235405966
1235434676
1235485496
1235522159
1235733920
1235808467
1235848100
1235885489
1235988515
1236055242
1236200772
1236305415
1236589215
1236603372
1236663333
1236788139
1236921624
1236984819
1237180708
1237432993
1237514272
1237588918
1237622182
1237717486
1237794970
1237867504
1238140679
1238275253
1238319968
1238383427
1238508200
1238666567
1238954162
1238971355
1239015807
1239124575
1239177705
1239388179
1239443553
1239590469
1239639144
1239685344
1239802824
1239833349
1239901791
1239934989
1240022275
1240376035
1240657030
1240796158
1240901692
1241099165
1241269907
1241453816
1241582582
1241650727
1241689205
1241767580
1241803451
1241832029
1241937596
1241999207
1242091344
1242146553
1242229581
1242464673
1242752829
1242954327
1243125928
1244108141
1244147543
1244195426
1244332970
1244387750
1244396759
1244556809
1244718014
1244791868
1244869220
1244931293
1245055935
1245256938
1245315645
1245653499
1245673959
1245739332
1245889053
1245934197
1245968121
1245996369
1246030756
1246158796
1246335346
1246519354
1246830511
1246852753
1246959244
1247165792
1247312708
1247370755
1247496023
1247538164
1247625647
1247781704
1247806091
1247864039
1247898128
1248058212
1248095436
1248216282
1248233541
1248314820
1248365541
1248378477
1248443586
1248485232
1248532092
1248674421
1248751575
1248874302
1249186813
1249361383
1249419925
1249495825
1249685443
1249956076
1249987723
1250048774
1250084051
1250188793
1250303039
1250545523
1250720060
1250751014
1250766524
1250928521
1250968880
1250996435
1251011814
1251086097
1251169488
1251169554
1251289806
1251334950
1251368379
1251474639
1251488400
1251606639
1251656997
1251694353
1251840048
1251896577
1251953304
1252030294
1252090981
1252171996
1252547734
1252739662
1252973236
1253219153
1253398640
1253447414
1253646767
1253711612
1253777645
1253819555
1253992706
1254125862
1254196680
1254330231
1254611028
1254663795
1254899844
1255299937
1255309276
1255359007
1255384615
1255474177
1255479622
1255584793
1255757317
1255916278
1256166353
1256394482
1256536976
1256722007
1257176352
1257893706
1261606078
1262235488
1262993894
1263445104
1265296439
1266660000
1268108438
1268202125
1268322839
1268431607
1268473451
1268502887
1268714351
1268819357
1268932778
1269077814
1269252846
1269321189
1269803814
1270062370
1270134508
1271816750
1271867735
1272039105
1272063030
1272447348
1272797082
1273267069
1273319770
1273353727
1273422367
1273473418
1273485100
1273505626
1273584232
1273608883
1273710589
1273872784
1274212520
1274336039
1274411510
1275621588
1275676203
1275742500
1275809787
1276108339
1276148698
1276201036
1276298815
1276365772
1276421740
1276445896
1276624294
1276648681
1276731841
1276834339
1276918951
1276975381
1278109263
1278823548
1278887172
1278919908
1278968649
1279008745
1279029832
1279142593
1279237138
1279322245
1279354420
1279511599
1279767712
1279861168
1279933603
1279980760
1280049203
1280150084
1281538098
1281593472
1281633237
1283297495
1284036366
1284084282
1284102465
1284103356
1284198264
1284280797
1284363924
1284457116
1284728145
1285208428
1285394482
1286215094
1286672606
1286786456
1286859320
1286903771
1286984357
1287033891
1287052635
1287204336
1287235191
1287296703
1287356532
1287406395
1287498069
1287510675
1287822030
1287850575
1287887667
1288149655
1288279576
1288391974
1288422334
1288544401
1288551793
1288576378
1288636768
1288830313
1289056397
1289064878
1289107679
1289196185
1289232353
1289312180
1289348579
1289549648
1289630630
1289680790
1289701514
1290066660
1290176517
1290243441
1290299013
1290340494
1290530046
1290757185
1290814044
1290921360
1291498828
1292163119
1292191664
1292438042
1292790647
1292995643
1293409134
1294254892
1294580701
1294828894
1295611160
1295661617
1295825495
1295870441
1295920898
1295943635
1295965844
1296067881
1296253605
1296481371
1296518925
1296570570
1296727353
1296764115
1296799293
1296817542
1296858000
1296883575
1296899118
1297028974
1297131043
1297224334
1297263208
1297307131
1297361152
1297414282
1297545457
1297626769
1297690393
1297939675
1297983070
1298036762
1298196053
1298220539
1298275550
1298366135
1298448569
1298482922
1298719796
1298971586
1299119262
1299179883
1299562122
1299609642
1299667260
1299691020
1299758967
1299834867
1299890505
1299924660
1299950895
1299988944
1300046266
1300148797
1300219252
1300229812
1300286374
1300329175
1300481041
1300576840
1300637857
1300682869
1300862224
1300935550
1300982806
1301138303
1301165693
1301191037
1301202224
1301376068
1301640728
1301932844
1302285285
1302507507
1302935319
1303476916
1303838629
1303946968
1304126885
1304928884
1306065043
1306311058
1306445566
1307684321
1307707619
1307709038
1307774741
1307924198
1308041910
1308246873
1308467544
1308513645
1308576378
1308758373
1308813054
1308967461
1309080388
1309181401
1309273735
1309358347
1309434181
1309507474
1309589578
1309671286
1309734382
1309868461
1310012903
1310055110
1310164142
1310334521
1310629442
1310704748
1310778008
1310825165
1310893409
1310968253
1311027885
1311068013
1311263769
1311591426
1311672012
1311716133
1311724548
1311821865
1311845823
1311873840
1311896940
1311920568
1312001320
1312100254
1313859287
1314110385
1314339240
1314935517
1318817806
1319017622
1319514404
1319613470
1319813879
1319865953
1319914034
1320073590
1320456093
1320700821
1320728343
1320747912
1321438669
1321579579
1321679107
1321850377
1321912681
1322292446
1322480909
1322681615
1322745272
1322838695
1323014190
1323146685
1323669966
1323825528
1323871299
1323955977
1323991881
1324005379
1324063162
1324160809
1324306405
1325294921
1325380424
1325427251
1325576609
1325639111
1325797148
1326129657
1326202323
1326274824
1326384813
1326425304
1326472296
1326695376
1326809094
1326870672
1326978681
1327306372
1327527307
1327692241
1327784707
1328135531
1328247170
1328421278
1328601029
1328747648
1328978879
1329599544
1329638154
1329691581
1330069465
1330145068
1330226314
1334607860
1335344256
1335817806
1335952743
1336692571
1338821634
1340569184
1343028248
1343267828
1343344454
1343382470
1343412302
1343554994
1343597564
1343617826
1343758340
1343888426
1343936078
1343951852
1343962115
1344148995
1344217371
1344303831
1344323895
1344355641
1344389433
1344419232
1344491304
1344554895
1344661089
1344735735
1344806454
1344835098
1344863082
1345103686
1345252450
1345270237
1345318912
1345352506
1345373758
1345441804
1345599544
1345630696
1345752004
1345914199
1345969012
1346074646
1346098604
1346310530
1346349206
1346406164
1346431640
1346628056
1346679569
1346748704
1346885027
1346909645
1346930105
1346997557
1347030888
1347137907
1347284856
1347355080
1347400059
1347487773
1347565554
1347607200
1347767382
1348030492
1348153417
1348255915
1348315579
1348430782
1348509124
1348663234
1348916905
1348939741
1349046200
1349126390
1349147345
1349167574
1349278982
1349293205
1349476949
1349773256
1349928587
1349964458
1350024519
1350103026
1350313995
1350352176
1350475365
1350508530
1350658416
1350772200
1350786918
1351080784
1351259116
1351448107
1351648582
1351738309
1351924396
1352401214
1352749364
1352783354
1352847869
1353122463
1353455367
1353567336
1354219417
1354328251
1354376893
1354665676
1354866514
1355094083
1355567600
1355652476
1360598290
1361157707
1363324720
1363618255
1363977031
1365805827
1367277530
1368415569
1368483087
1368540936
1368749166
1368862092
1368903210
1369562089
1369948057
1372964689
1372968220
1373038181
1373065505
1373337425
1373525426
1373646701
1373741246
1373867174
1374358743
1374456456
1374650859
1374925188
1375259116
1375315843
1375445368
1375488664
1375588522
1375639540
1375663333
1375680691
1375713394
1375730587
1375747252
1375767910
1375807147
1375818928
1375874500
1375945252
1376043527
1376072336
1376140514
1376189948
1376209550
1376278718
1376358545
1376388575
1376570933
1376603570
1376639837
1376768768
1376821799
1376931029
1376958320
1377018480
1377059763
1377105600
1377127314
1377164406
1377218262
1377413523
1377454707
1377471042
1377671550
1377729399
1377910107
1377938751
1378003432
1378085437
1378132000
1378189156
1378194304
1378304788
1378392667
1378457710
1378542256
1378551991
1378605946
1378807147
1378838992
1378959937
1379044154
1379147840
1379175032
1379270105
1379311520
1379507375
1379534798
1379547437
1379746625
1379936573
1379947463
1379964458
1380010230
1380068046
1380087417
1380108636
1380201927
1380258786
1380578985
1380667491
1380685773
1380810645
1380878262
1380939246
1381015906
1381071808
1381093588
1381141735
1381260634
1381346302
1381581526
1381934395
1382056826
1382831633
1382913275
1382991617
1383096129
1383240603
1383367224
1383424017
1383533148
1383707058
1383994257
1384058773
1384090255
1384125862
1384221859
1384274824
1384373329
1384666963
1386023298
1386777744
1389436062
1390244266
1390619080
1391325875
1391825495
1392010527
1392611820
1394367389
1394470019
1394892815
1394924231
1395037092
1395181104
1395559911
1395561363
1395808137
1396105006
1396401973
1396588852
1396676698
1396717288
1396878658
1396960003
1396996468
1397022605
1397056529
1397074448
1397180048
1397304953
1397329835
1397339702
1397394581
1397432828
1397516681
1397661221
1397739134
1397815496
1397823845
1397865194
1397962478
1398060984
1398232650
1398252549
1398441144
1398672276
1399415635
1400539187
1400870045
1401522489
1401729729
1401909414
1401995709
1402185889
1402344751
1402445434
1402489060
1402532554
1402544995
1402606243
1402668844
1402710094
1402753852
1402838332
1402966768
1403020295
1403059466
1403069531
1403168003
1403865920
1404554895
1411573705
1411688281
1411990759
1412062370
1412170940
1412431442
1412473583
1412533940
1412921492
1413159720
1413237468
1413283371
1413605154
1413662178
1413824967
1413890835
1414095139
1414173514
1414248886
1414492030
1416351615
1416562518
1416593406
1416609675
1416679833
1416768999
1416827970
1416925353
1416990396
1417034188
1417097053
1417184734
1417249810
1417276342
1417348711
1417381744
1417523974
1417599148
1417702009
1417753852
1417918093
1418478368
1418573012
1418619476
1418942282
1419190872
1420306042
1422095502
1422328218
1422509223
1422545457
1422625581
1422660825
1422706827
1422810579
1422975381
1423052338
1423099264
1423182589
1423365607
1423418902
1423496287
1423677127
1423699930
1423759660
1423811404
1423949839
1424011022
1424156519
1424284625
1424385935
1424433587
1424833151
1424924858
1425066660
1425140547
1425219384
1425314523
1425387849
1425450252
1425546084
1425626637
1425683595
1425728739
1425776952
1425920172
1425978813
1425990561
1426137082
1426181533
1426197736
1426301587
1426432498
1426514998
1426581823
1426629739
1426716265
1426805530
1426844272
1426898359
1426906345
1426930666
1426998580
1427031779
1427103686
1427181302
1427207174
1427217569
1427307758
1427422103
1427462660
1427484011
1427533379
1427707619
1427838233
1427923109
1427996567
1428093588
1428141405
1428167376
1428351978
1428388806
1428535722
1428663201
1428718113
1428875688
1428936177
1428966141
1429025443
1429088605
1429180081
1429309606
1429403260
1429438702
1429457743
1429605781
1429664983
1429716496
1429815925
1429923175
1430008052
1430048444
1430115995
1430128040
1430282216
1430366564
1430378576
1430427878
1430481041
1430516021
1430564102
1430775434
1430784245
1430837012
1430898194
1430937662
1431008514
1431065274
1431334257
1431636075
1431781539
1431864996
1432299673
1432316767
1432396132
1432616407
1432666006
1432757185
1432808137
1432939180
1433210639
1433223707
1433248787
1433280863
1433400752
1433424908
1433613074
1433807048
1433934494
1433974985
1434406626
1434433752
1434594627
1434648417
1434853710
1434899052
1434938223
1435005610
1435148368
1435169653
1435338844
1438580107
1438777546
1438907269
1439203148
1439298716
1439383394
1439411708
1439643896
1439678018
1439697818
1439729465
1439802791
1439860607
1439869550
1439959211
1439988680
1440055143
1440090090
1440128403
1440145761
1440399762
1440419067
1440789492
1440835131
1440871563
1440893145
1440915090
1440941325
1441083127
1441379665
1441443982
1441539880
1441669537
1441714351
1441796521
1442078507
1442309606
1442335709
1442369732
1442439527
1442655578
1442695904
1442741642
1442766392
1442811239
1442882585
1443060225
1443082401
1443132792
1443157278
1443413688
1443516483
1443577269
1443766161
1443800943
1443871761
1443892617
1443918918
1444001386
1444244200
1444291126
1444498069
1444605781
1444949740
1445054021
1445085404
1445188595
1445217800
1445341682
1445859584
1445941754
1446299838
1447126819
1447821073
1447915387
1448029403
1448448800
1448652014
1448691152
1448728904
1448768504
1448811767
1448885192
1449089496
1449171171
1449217206
1449298089
1449392007
1449600600
1449659835
1449738474
1449835692
1449855855
1450078969
1450210474
1450294162
1450318087
1450440814
1450440880
1450496155
1450638715
1450737880
1450763521
1450824868
1450899778
1450942051
1451135828
1451183183
1451306570
1451363363
1451383988
1451521499
1451573078
1451590865
1451647229
1451695508
1451749760
1452028215
1452156057
1452240372
1452408573
1452502425
1452749925
1452905256
1453048972
1453099825
1453168036
1453478071
1453719697
1453725208
1453868428
1455162921
1455463881
1455611754
1455788139
1455867471
1455918390
1455978186
1456034353
1456065439
1456474936
1456590634
1456855195
1459608421
1460049764
1460169455
1460649308
1460719301
1460765732
1460856185
1460946671
1460972543
1460993630
1461115302
1461201531
1461237369
1461257961
1461278586
1461311058
1461344091
1461605550
1461664554
1461971355
1462139425
1462294030
1462426690
1462665016
1462922251
1463142527
1463417285
1463444741
1463615450
1463790878
1463859551
1463895455
1463913704
1464023793
1464362571
1464730191
1464792462
1464980496
1465070191
1465091740
1465201069
1465344850
1465437580
1465486354
1465615681
1465633072
1465922812
1466155958
1466694122
1467421509
1467524205
1467691416
1467792297
1467868527
1468004059
1468149886
1468233112
1468532389
1468577236
1468667623
1468848958
1469071082
1469101937
1469355278
1469570669
1469644655
1469664158
1469786951
1469807279
1469869979
1469907929
1469927267
1469978681
1470059268
1470090882
1470219549
1470468633
1470644160
1470710259
1470826089
1470860772
1470952809
1471149556
1471297759
1471606078
1471616968
1471673563
1471726693
1472284031
1472721413
1473960432
1474174867
1474667260
