245093555
245113520
245621291
249038181
250985776
251202851
251874401
253769791
253854898
253882519
254263670
254263769
254369501
255200607
256086262
256810018
257104544
257615021
257751245
268814275
270587433
270738969
272087318
274547569
274772926
275212322
275302016
275473187
277412863
277469062
277957759
278271755
279555687
281225093
281338580
297906477
298240669
298550143
299038082
299199122
299325644
299490314
299593967
299710061
299995775
300190443
301174636
302694089
307409794
307738705
308065406
308146355
309795234
310571164
311757746
311953568
312169290
312668745
313372537
313801702
315433785
315590403
315880044
316179421
318145167
320598653
320762498
323965844
327168333
327176484
327183348
327340164
327408870
327537933
328264594
328553674
328644226
330580140
330852786
330852786
331187704
331991485
332247071
336401214
340318747
340327327
340891990
343449955
343656865
345540474
349213741
351060852
352104775
355660792
356100683
360389598
362489852
363104016
366869385
367946737
368040623
368953304
371837276
371848463
378605352
386255519
398588621
399241824
399586080
399663828
401688380
403489291
403655116
403968253
404128700
404265485
407290103
409353100
409491205
409579447
409661221
409859287
410045045
410167211
410285087
411018744
411018777
411417681
415146058
415155661
415281952
415406560
415482295
419983169
439589017
442971784
444163284
444320694
447574365
447615681
448230637
448287760
452939081
460980661
461058971
470608058
490095832
490125763
490136455
495438933
498371646
503415074
503884895
506827805
509386760
510278322
510488334
513173844
513257796
513889812
514958089
517094182
517278322
517278388
529258918
529556545
534454773
540987723
541311190
544544005
545076791
547791868
548379533
548517704
549266805
551807147
556127842
559009108
559018942
561341517
561383559
569632148
569733128
570339339
570534402
571410751
571624063
573161733
573361581
574033099
574180510
574180510
574434841
574601095
574714714
574741939
574766260
575069828
575408408
575658119
575764742
576026367
576264231
576524964
577045540
577299145
577443289
579142725
579281886
582218691
610880770
615406626
617836715
617844833
618128370
618225786
619200805
623452430
623700788
623831303
624125004
624479688
624656997
625023826
625246510
625259446
625663102
625711909
625758373
625851565
625880407
625931722
626070323
626174273
626174306
628600897
628615549
644819159
644831765
650700425
651674322
653646305
658379962
658585288
661900801
661913176
661929148
662280071
664630861
676921987
677082434
677738837
685457908
695531102
707767976
707971454
708796521
709187770
709578391
709772728
710489918
710776721
711374484
711929775
712433653
721024684
725478500
726935748
729589281
737820710
737945285
738047751
738644028
738972840
739207702
739602184
740876777
740957066
741673035
742366993
742760881
742903078
744544467
744709665
745893541
747621621
747827739
748061347
748350493
749016665
749016698
749374088
749517803
752047487
752787677
755350130
755467379
755618816
755775863
755838893
755967989
756553905
756607992
757367521
769499389
769515988
770252021
770707817
804067188
807600831
808001518
808119592
821581856
821877437
822171567
822324687
822366333
822663927
824200673
825578622
831540177
831549054
831557601
839134343
839184569
839192918
839263670
839433587
839559746
839654984
839667689
839667722
839717321
839741840
840357555
840647328
847147642
867378378
869485529
869571758
870441738
873181104
873190707
877135696
878592185
878742434
882565752
882735174
882824076
883255882
883456126
883830049
885137181
885311982
885374814
886242649
886381249
886610764
886875358
886984093
887080388
887193149
887277860
887348150
887401346
887501765
896706596
897018513
897608157
899159918
901251757
901780054
902376596
902768603
907019305
907232881
907359172
909651288
909861432
914034650
915203907
916002739
916730917
916765006
917452958
917748803
920238953
920254067
924099264
933552057
942813615
944233508
946142296
948051546
949072402
949915882
954265419
954423291
954719103
954879351
955741345
956125796
956827772
956827772
957637857
958060786
958060852
959581295
964452826
964713460
972968088
973416196
974029172
976177903
979696828
983836748
983931656
984084018
984173745
984514602
993979209
999206712
999440187
999858858
999974919
1000518727
1000559317
1000718080
1002059499
1003529617
1004109461
1004380226
1008874566
1009176352
1009176385
1011734382
1011791208
1011941028
1012057090
1012420057
1013026334
1013406362
1014233244
1014843084
1015049335
1015721050
1016898524
1025570240
1026231132
1029593538
1031581856
1031714615
1035640134
1057691482
1058034221
1058058410
1059688215
1063279939
1071221892
1071393954
1085443949
1086260700
1086692637
1087056496
1087105600
1087264396
1087348513
1087430815
1089991122
1091135168
1091143154
1091279015
1094572583
1095837573
1095848991
1097873411
1098271359
1098372042
1098511500
1098576807
1098576807
1098761178
1106531960
1106712239
1107582714
1108370854
1108713988
1108766392
1110988185
1111326667
1114725472
1114830742
1117211068
1126027225
1127213642
1130480051
1138957957
1139083523
1139848892
1140431310
1143687786
1144699435
1144882288
1144948684
1161640761
1161650562
1162601194
1163633501
1166055869
1169036960
1171473319
1175593340
1175593406
1176890835
1180798402
1187879615
1189903408
1190289674
1191210408
1191443718
1191828597
1193169752
1193169785
1195351714
1195566940
1195566973
1196758175
1197080157
1199551628
1199718014
1201346830
1202904596
1202904695
1203847275
1205638286
1211927498
1217187572
1217254529
1217401280
1218600468
1237487971
1238744942
1240670560
1240879417
1243711381
1243711447
1244360261
1244456324
1245006369
1260895191
1261361548
1261759990
1261782628
1261919677
1262294162
1262309243
1262518034
1262787215
1262899943
1263424017
1263722601
1263827739
1263951720
1264205755
1264752631
1265010329
1265127809
1265127809
1265158103
1265662937
1267133287
1267945747
1269356994
1270466059
1270522885
1270610269
1270913374
1271090552
1275130548
1293920469
1295925914
1312508695
1312509817
1315130713
1315247566
1330258192
1342256146
1352560109
1359033297
1363303930
1366073689
1369406857
1369430155
1369781275
1370480942
1371631818
1371809523
1371935088
1372200574
1373612282
1374237336
1374309111
1374492096
1386834372
1387389961
1387547602
1388423720
1388706794
1388902517
1389170016
1389663036
1390073029
1390578424
1390952314
1391126852
1391241890
1392357159
1392747945
1392852951
1393051084
1395340758
1398879153
1404684189
1406555621
1406594990
1406974556
1407215193
1407242946
1408169257
1408815331
1409315414
1410774609
1412566082
1414081246
1414438537
1414486552
1414552915
1414601953
1414730884
1415011649
1415603075
1415697356
1415722568
1415868329
1417551298
1417727056
1418418638
1418575322
1418759198
1418897468
1419227502
1419670065
1423771936
1423771969
1429360987
1438425205
1439319440
1445657492
1452766425
1458504999
1458549351
1459246312
1459338415
1459457017
1459939279
1459981156
1460374847
1460389631
1464378213
1472969474
1474527802
1474527802
