247854667
248278619
248311223
248815694
251722172
264357489
264475134
266212223
266606738
266616044
266745338
266780648
266912780
267077814
267166584
267317889
267489687
267615648
267758868
267873972
267895356
267964854
268039468
268097614
268519882
286449856
287830676
288091938
288120846
288199650
288321585
288409728
288445401
294172920
294656535
296147147
296334455
296699996
297958716
299836847
308267300
308301983
308555522
308626340
308714780
308740322
309090486
309184008
311626901
317187869
321794541
324729663
326946638
326972774
327042207
327145893
327187374
335665313
338916476
349116556
359690690
368880407
369258159
369272778
369365442
369430254
369497706
369781836
369829323
369889911
369952050
369989835
370061314
370160644
370221166
370243672
370262911
370346368
370439197
373564003
373749892
374109164
374189288
374461076
374709104
374748110
375023562
375071709
375171402
375252714
375364716
375439923
377892221
377912351
378091542
378107250
378121044
378153516
378161799
378223773
378254100
378313599
378345279
378371349
378441540
378517671
378843183
378895752
378930006
379074118
379088770
379096492
379263670
379517737
379572649
381621753
385532389
385942348
386024255
386448998
386504504
386674520
386837870
388331914
388397551
388463551
388536844
388683067
389186681
389238260
389411939
389516648
389518331
390151173
391032076
391352539
391403821
391514668
391572154
391613140
391670164
391815331
391847968
391913440
392119427
392180279
392196053
392266376
392313038
392543015
392606177
392728145
392954261
393025476
393043395
393100518
393423357
393864798
394159060
394223476
394264957
394314292
394362373
394624162
394721743
394863346
394941259
394990099
395001749
395090816
395136422
395198825
395240636
395257367
395314919
395409959
395477081
395500148
395553245
395612216
395656799
395721479
395761772
395832557
395957330
395982080
396062931
396197538
396343893
396463683
396508200
396557073
396717420
396761871
397595056
397859089
400287661
400368643
400556281
400638484
400667062
400734877
400743886
400755733
400789360
400816255
400839553
400920502
400971850
401076494
401162228
402931326
403082533
406787908
411481272
411496386
411559548
411575388
411647790
411681516
411688281
411699633
411763950
411770979
411784212
411804639
411968583
411990462
412097218
412158697
412212223
412465234
412475794
412494802
412528495
412567171
412579480
412600534
412621258
412725406
412800382
412833712
412898260
412939081
412981651
413013530
413101079
413174735
413206349
413237798
413366267
413390291
413543180
413592845
413721677
413920733
416374946
416456786
416511764
416531960
416580371
416638715
416802890
417129756
417168333
417276012
417448239
417473583
417572484
417592647
417611589
417667425
417743391
417798072
417888822
418123618
418215391
418315315
418404415
418512127
419014652
419076395
419184008
419222915
419285318
419326238
419491469
419881430
421608850
421674982
421717783
421760485
421789063
421830973
421846120
421886545
421947595
422060093
422097680
422127545
422159951
422260700
422341913
422404514
422516681
422600303
422608784
422891792
422989208
423091377
423116787
423218988
423334785
423567006
423702306
423785499
423835197
423885687
423968550
424044814
424225225
424310002
424364089
424416229
424474771
424787512
424866844
425020460
425716166
425917730
426017094
426090024
426204633
426321618
426431772
426584331
426794475
427150678
427191961
427643698
427890241
427905553
427952182
427996699
428055902
428096888
428125598
428161766
428226479
428282315
428329604
428424281
428473352
428576840
428688809
428727749
428858561
429042207
429063294
429222519
429303963
429433851
429933075
430165198
430327228
430450021
430502821
430539715
431418572
432174174
434393624
434448701
434547833
434659934
436230802
436279147
436294657
436341946
436376926
436434445
436461274
436497178
437684684
437771672
437823845
437888030
438102267
438181863
438279873
438397848
438678480
438800547
438885291
438919050
439057288
439205359
439693693
440001584
440034848
440050622
440215325
440396561
440521697
440685080
440768438
448236115
448565257
451266706
451441606
451729168
451850146
451985116
452031416
452100947
452188694
452494670
452531201
452600303
452698709
452953766
452994422
453050094
453076956
453123288
453232551
455775335
455853248
455990264
456234828
456331254
456503085
457209352
457266838
457477510
457593835
457647361
457678414
457783288
457796125
457806421
458061314
458188199
458244101
458283635
458328845
458405933
458449790
458495726
458598323
458649110
458657723
458856416
458912549
458947595
459014091
459026565
459056694
459111012
459165990
459181335
459224697
459291819
459497739
459702570
462331452
462421542
462499950
462917433
463549945
463628947
463659901
463721380
463745107
463789294
463811668
463872289
463904596
463930633
463953436
463964953
464032472
464103158
464182457
464585783
465034881
465810546
466608223
466878031
466970035
467022143
467190080
467298089
467339801
467365706
467438966
467549912
467859683
468145596
468228228
468629310
468876975
468948123
468996996
469034452
469133287
469199221
469233013
469243111
469321585
469429264
469670197
469761079
469792198
469829653
469953205
469976470
470111045
470164472
470237105
470295284
470356070
470427779
470445434
470545391
470564663
470649407
470835362
470968022
471054417
471097548
471244563
471427416
471493680
471613140
471762333
471878361
471964920
472062700
472128667
472173250
472744744
472912186
472990693
473054252
473131142
473203247
473261030
473293733
473372075
473414447
473471273
473494076
473597795
473676962
473831204
473916113
473989637
474185031
474346203
474520146
474580008
474876018
474931821
475091014
475321156
475436227
475520014
478177738
478236709
478272250
478760320
478907896
479067353
479266772
479395670
479634524
479696432
479975843
480250305
480711051
480768438
481021879
481330528
481371679
481455334
481890307
481905058
481996897
482500280
482698709
482779460
482924000
482968385
483120549
483146850
483519882
484631785
484651849
484706530
484781539
485066396
488903309
489198198
489566676
490396495
490498894
490537240
490627759
490694287
490822393
490918621
491108603
491193710
492150381
493573045
494680097
495087351
495213444
495303534
495418110
495472890
495545094
495563277
495736428
495755700
495862620
495958353
496066033
496316074
496377487
496588951
496660594
496789360
496901395
497021351
497124872
497484935
497618816
497873807
498060621
498971388
499193809
499280764
499801273
499895950
500199584
500303567
500352605
500418308
500525294
500643335
501180312
501756459
502457875
502511104
502635514
502841533
502934494
502978252
503083127
503168465
503238722
503310530
503428307
503455730
503509553
503572847
503617991
503735009
503954063
504039270
504092466
504293139
504320496
504374913
504450351
504472362
504497838
504552519
504786390
504822525
504864732
504900834
504964194
505073029
505173052
505285120
505398475
505464376
505543246
506016764
506105930
506322278
507230274
507332508
507413853
507577005
507639540
507671220
507691284
507815628
507906081
507984423
508169158
508215886
508268653
508463353
508580206
508676533
508708081
508791868
508825066
508940665
509087450
509145860
509166881
509197307
509225852
509272679
509430287
509570273
509671385
509745866
509815727
509925023
510391644
511049236
511363396
511451737
511610368
515163647
515295383
515340593
515461406
515495495
515535227
515617199
515714648
515774114
515843579
515878526
515953271
515984555
516007062
516065637
516077616
516178299
516210870
516298749
516427977
516679503
516708114
516730488
516808071
516872586
517007656
517042141
517138105
517158565
517222486
517272712
517352209
517432993
517531729
517605748
517627264
517924660
517995874
518060819
518086163
518238557
518343200
518410289
518453552
518562518
519042900
519160314
519213576
519279642
519373098
519429891
519532257
519570537
519612777
519696168
519746196
519793683
519939510
523244200
524242781
524388509
524534633
524594000
524661089
524683265
524789756
524859419
524896742
524942810
525065439
525120318
525183381
525288882
525388047
525482988
525808368
525864105
525922713
525947694
526027390
526122793
526495759
526547404
526632214
526719994
526785268
526845097
526891363
526941919
526960300
527289905
527344619
528075075
528156915
528289806
528417285
528455664
528533709
528591294
528722931
528770517
528896874
529017787
529207801
529334455
529495231
529804441
529848595
529944427
529966471
530012672
530184800
530339504
530413358
530495990
530555654
530703560
530976767
531516681
531682968
531947661
532134211
532306339
532446292
532503349
532510642
532810447
532929709
532982641
533069069
533145992
533228426
533237402
533332574
533493383
533537207
533637857
533691515
533765699
533801075
533846747
534033495
534128040
534166881
534184239
534222255
534306768
534418737
534534501
534614460
534688743
534789492
534960531
535132594
535233838
535487377
535732501
536057849
536104643
536159159
536283437
536363990
536522522
536614889
536755469
536902484
537057585
537357720
537440913
538598257
538795432
538889185
539350691
539499158
539583275
539674223
539841566
539992640
540424314
540529485
540838002
540957429
541034155
541150348
541277167
541391974
541412005
541477411
541594066
541625746
541723888
541943206
542362373
542490842
542589347
542702999
542815463
542886941
543031614
543059169
543196185
543278520
543320826
543387981
543509388
543578787
543940335
544190311
544429693
544486684
544576840
544679503
544721743
544822525
545003201
545221727
545280038
545403425
545488961
545676995
545768339
545927069
546117480
546203247
546305778
546655149
546768768
546886875
547060489
547287067
547813978
547940764
548051447
548154440
548311289
548445995
548593274
548661287
548812295
548963732
549002838
549669240
549758406
549831699
549900999
550075900
550105996
550223377
550294096
550397551
550467709
550552420
550622479
550696465
550799062
550844503
551023760
551044814
551089067
551119691
551175791
551275979
551499587
551511368
551751707
552385209
552703692
553594660
553836121
553974919
554054681
554134871
554204897
554257730
554385275
554461340
554726726
554896808
555102696
555186120
555282051
555367620
555422895
555439329
555507342
555699105
555793056
555851994
555891099
555926079
556523710
556719433
556770913
556926442
556985776
557070026
557159852
557274923
557432234
557479094
557588159
557626175
557693924
557857109
559588588
559753753
562661584
565871431
565891693
569856053
578220077
578504768
578616506
578753654
578776127
579058905
579453453
579511005
579660495
580000858
580114213
580526020
581687555
582685608
582743523
582870276
582880440
582922284
584007590
584106689
584181170
584240933
584261426
584290532
584413325
584659769
584687324
584777414
584944163
584999471
585057783
585092037
585237567
585325776
585391974
585462198
585542751
585629013
585689238
585751971
585984126
586055869
586085701
586164439
586211035
586293271
586416427
586475068
586509289
586591624
586642345
586691053
586762432
586784608
586815298
586940533
586998976
587011022
587118470
587212355
587315645
587393756
587456291
587493383
587516747
587712470
587752565
587820710
587873246
587961818
588040689
588115929
588225126
588430881
588519123
588594924
594189123
599026895
602638385
603108933
603251757
606446688
606939378
608110055
608118074
608591426
608862323
608973368
609110550
609183447
609239976
609310299
609577038
611403623
611766755
611821931
611939939
612756558
612989571
613129624
613204567
613278487
613422037
613577995
613610599
613667557
613740883
613796257
614250701
614401544
614461769
614513810
614546909
614600567
614660132
614707124
614864468
614965283
615145035
615164109
615192093
615232056
615407880
615481107
615512094
615789426
615883443
615921789
615951819
615982245
616028941
616084381
616168399
616251427
616336600
616364881
616414084
616439494
616712602
616864996
617023793
617046266
617384714
617939411
619636372
619930237
621006204
621557733
621638253
621864435
621940500
622013629
622114708
622171963
622273141
622292380
622445137
622695310
622788832
622885621
622952512
623061875
623193908
623295647
623333795
623419100
623550572
623754512
623882189
624117645
624427284
624483153
626969408
627068706
627153087
627305448
627536679
627865227
627966075
627991188
628006270
628106920
628169191
628189090
628230274
628274626
628370128
628431805
633947892
634367455
635285318
635443685
635583242
635658317
635682935
635891561
636004884
636526911
636929478
637128601
638167640
638270699
638290565
638357588
638385110
638454773
638513612
638583176
638627561
638687126
638755634
638825396
638923703
638975876
639435831
639489192
639533049
639663333
639985578
640266673
640528330
640741279
640838926
640930765
641108471
641339207
641593307
642045771
642060852
642297957
642327591
642788997
642852225
643045969
643132462
643184041
643365475
643721611
643985611
644187836
644218823
644259611
644349701
644482889
644524931
644604890
644926871
645196086
645302181
645485166
645701250
645819588
645937596
646449460
646568788
646665874
646937728
647559218
647913572
652443157
652748704
652944856
653006567
653167640
653257169
655389136
660200607
667702273
667859551
668113817
668949047
669675312
669941061
676800151
680941160
683103521
683183282
683391809
683475233
683589479
683743886
683765996
683978450
684082698
684188958
684309738
684438141
684518331
684649539
684737880
684800679
684857802
685049665
685169686
685226677
685305151
685337557
685375408
685451143
685500742
685643368
685757614
686690789
686791175
686865788
687436854
688085008
688645381
689031812
689665082
689818070
689904035
689977097
690049203
690072435
690085503
690155298
690342012
690398673
690408078
690519288
690569316
690670527
690732666
690811404
690892782
690985644
691106524
691145101
691225489
691310365
691441936
696070389
696161106
696266640
696335049
696478203
696542553
696590832
696639276
696709896
696739893
696805431
696999306
697188463
697231033
697375144
701028413
702729003
711173613
719369534
719840873
721738045
724550803
724619740
724683892
724697191
724710556
724797445
725011748
725113784
725151734
725207438
725256377
725418704
725706332
726121341
726186087
726409992
726445137
726458469
726481371
726621159
726680229
726714615
726758505
726816915
726836781
726868989
726898689
726922317
727063855
727136851
727207933
727215193
727255189
727320331
727433620
727479556
727544368
727577533
727660099
727715770
727809226
727840609
727929346
728007194
728024585
728081411
728152130
728252780
728260568
728267960
728554697
728621423
728632610
728701448
728763257
728850410
728908325
729049830
729109560
729185031
729216183
729300003
729361812
729454080
729529551
729578787
729860805
729871266
729891297
729936309
730014157
730071544
730091377
730146025
730195261
730353034
730402600
730458040
730512754
730537735
730657888
730686103
730774939
730820017
731006336
731050853
731091938
731134673
731173151
731238557
731304953
731367158
731396693
732385704
733179751
733478533
733621324
734224961
734311025
734343860
734380292
734443982
734464376
734478632
734620961
734650595
734891132
735010890
735068772
735129360
735183051
735217668
735362241
735528264
735565653
735580932
735619575
735648813
735707190
735752334
735791109
735902055
736108405
736182160
736271788
736438669
736578787
736670659
736813516
736885984
736939345
737046860
737088935
737111045
737171600
737445335
737527175
740530178
746700623
749418374
749772134
749852753
750250503
750527208
750591657
750743523
750838464
751067617
751157047
752006402
752066891
752091212
752132264
752133782
752240108
752276078
752302445
752323070
752399036
752704451
752767250
752863049
752944460
753017424
753210804
753423852
753500973
753659439
753791703
753988053
754254397
754517209
754702306
754739794
754867372
754882024
754968319
758678777
759398904
759639606
759872157
760134277
761029172
761640134
761714351
761808863
761897831
761940896
762040524
762125895
762171369
762276639
762295185
762366696
762433224
762475233
762507870
762560109
762589743
762842193
762929445
763088176
763185493
763258225
763908754
763962742
764041316
764088473
764159324
764198198
764433059
764489456
764549747
764591030
764642972
764702339
764719367
764740058
764783090
764784311
764852918
764928224
765017556
765040590
765125730
765172293
765188199
765244629
765313797
765386100
765485463
765531102
765556776
765597267
765622314
765643335
765674190
765742830
765789162
765817707
765840675
765876414
765899349
765913011
765977295
766002376
766063558
766109131
766128865
766164703
766184041
766329472
766387090
766457809
766468633
766620169
766646833
766703956
766782892
766850443
766889185
766900900
766970266
767007326
767140250
767330495
767336699
767416427
767452826
767516054
767630399
767695475
767756723
767943107
768016533
768043989
768094281
768335379
768472560
768562914
768668844
768717156
768754479
768786390
768886083
768989571
769246048
769295383
769395373
769413721
769449427
769566115
769597003
769646008
769718674
769816486
769932712
770140052
773410949
773713625
773889713
773977262
773989670
774317097
774561726
774618222
774837870
774942513
774976305
775013596
775065208
775123288
775637956
775800910
775914991
775999801
776196482
776310992
776370062
776451473
776554136
776851829
777022506
777064515
777301389
777465432
777661518
777760188
778047157
778557007
778617232
778847836
779398343
779545226
779741114
779871860
779972576
780154374
780217305
780713724
780888162
781033561
781098934
781269742
781542256
782091047
782266343
782346929
782697620
784311190
784575982
784666996
784824010
784842589
784891759
785003762
785027489
785116787
785161700
785677688
785681813
785935649
786425502
786952908
786966207
787180312
787254925
787411444
787748473
787855393
787921525
788031416
789338481
789704286
789909513
790087747
790158994
790244134
790250866
791555060
792169356
792750684
793833976
793852885
793927201
793992079
794220803
794389532
794588258
794877272
795326106
795389400
795485892
795845328
795985248
796108966
796494241
796587532
796872322
796940566
797018381
797032274
797083061
797160611
797238887
797329769
797384318
797439164
797488829
797549846
797563475
797597036
797665808
797765237
797830643
797909579
797954492
798094578
798135795
798178728
798325182
798470712
798587565
798663927
798755106
800263769
800452760
800699501
800734349
800910503
801000957
801533181
801571626
801605055
801663069
801699435
801802263
801888393
801950004
802113091
802207966
802236511
802306339
802325710
802409101
802532092
802556776
802817278
802921426
803006930
803220209
803318681
803368346
803419694
803498399
803611886
803683892
803735834
803811932
803892617
803938454
804119724
804167079
804242451
804286440
804301818
804393261
804455004
804531762
804588786
804616143
805018513
805190872
805273933
805323796
805456588
805826815
805989010
806068178
806331254
806572517
806693693
807091740
807301884
809000429
809074712
809157839
809257103
809471075
810042603
814176847
817186714
817400719
817504900
817619872
817692373
817737418
817749331
817792660
817802032
818015708
818072666
818349338
818529683
818868263
818959079
818989901
819371316
819608454
819667986
819902682
820980331
821612084
821818994
821884565
821941424
822006798
822118404
823796389
824113553
824145167
824485958
824613206
826830313
826867273
826921030
826961488
827082533
827085668
827137610
827176385
827265749
827382998
827507606
828664785
828798567
828892815
829154638
829235257
829305481
829409893
829481866
829527967
829583572
829598983
829625680
830013530
830059862
830105831
830116655
830135267
830237897
830253539
830272283
830311850
830346170
830402666
830419496
830489258
830737121
830803748
830921063
831077550
831247104
831389367
831496881
831633831
831731742
831764841
831778404
831839619
831893112
831951819
832394713
832439758
832497937
832590700
832636108
832728442
832888855
833068673
833165957
833185031
833230274
833282711
833323697
833454146
833516318
833637131
833751872
833817212
833846516
833878922
834049863
834129261
834264330
834340131
834573342
834740817
834802296
834836913
834917796
834972279
834982377
835149952
835173547
835253572
835264858
835400983
835547965
836132264
836164208
836199122
836283206
836334587
836423621
836491040
836637890
836677061
836800316
836855855
836965976
837014454
837051777
837185988
837258357
837362769
837442035
837502524
837596112
837706068
837883014
838050655
838129888
838197241
838289575
838437349
838500346
838675840
838848892
839090090
839164175
839214731
839262515
839277101
839338580
839704979
839983730
840302247
840414282
840485529
840634194
840732699
840870342
840947067
841082500
841249018
841322410
841366069
841437877
841533742
841586311
841625152
841660198
841787347
841821040
841932316
842021780
842063723
842179949
842222651
842399729
842447084
842535656
842585123
842598686
842606507
842620862
842643929
842760485
842812427
842930435
843015048
843151338
843558789
843607299
843664851
843867339
844015246
844051678
844078309
844184734
844218856
844272481
844313863
844330627
844476058
844544665
844800217
844826914
844880803
844925485
845000759
845102234
845151404
845190443
845273075
845416097
845466323
845606705
846465894
846510147
846641223
847682077
849454872
851010428
851032769
851209418
851395901
851433125
851601524
851651156
851812526
851922053
852032736
852188199
852452364
852535359
855827376
857042834
859243969
859280929
859341550
859387651
859455301
859582813
859741213
859778767
860109395
860213147
860218922
860823845
861158763
861348513
861492954
861607563
861648450
861707355
861723195
861806091
861841995
861927135
861983862
862070422
862155067
862208593
862288354
862386265
862500412
862520146
862596541
862706629
862967923
862984489
863050688
863138798
863266079
863340692
863441606
863469293
863559548
863611853
863676038
863731247
863746559
863826155
863905025
863976866
864013464
864122397
864162096
864173382
864187935
864223971
864259281
864339042
864371745
864528759
864869055
865064779
865745767
871781671
871908259
875052602
875176418
875326238
875382008
875399465
875417516
875434907
875477510
875501171
875535590
875595749
875694155
875740652
875842754
875883509
875919743
876000627
876042768
876114939
876241593
876281622
876371547
876420453
876536778
876732105
877132099
877492723
877809292
877875193
877886974
878269313
878455103
879015411
879034584
879119559
879259083
879320001
882442035
882516219
882639507
882885192
882885225
882904233
883039105
889840972
889928455
889963270
890035376
890089760
890132000
890205227
890296043
890345081
890391941
890443223
890514866
890583473
890861729
890908952
890971817
891009702
891040194
891113355
891182523
891289608
891459492
891537273
891592449
891632412
891918423
891955449
892006468
892042438
892063591
892072336
892107217
892142329
892198891
892240372
892389928
892492360
892519057
892582285
892618882
892658251
892719070
892780483
892842292
892854667
892878361
893017589
893136587
893188001
893209715
893256179
893269346
893302379
893332706
893350922
893378180
893429693
893544830
893637329
893668679
893917202
894012012
894136125
894159621
894215292
894299772
894375342
894452661
894583638
894658680
894674289
894696828
894787611
894860145
895019635
895641157
898100617
902703362
902828861
902941061
903438372
903566709
903695046
903935088
904311157
905338283
905430716
905475464
905611787
905713625
905917664
905984852
906100617
906508794
906759066
906832623
907094347
907158631
907220473
907355047
907431277
907658086
907743556
907831303
907965316
908092004
908532488
909450252
909497607
909563178
909628914
909768240
911471405
911697587
912085932
912398673
912413820
912459789
912551562
912616275
912770946
912823977
912850014
912898953
913064515
913212916
913333795
914399333
914533742
914614955
914761640
914833316
914884400
919546447
919773355
919889053
920246147
920396033
920637659
920726594
920754941
920765270
920777777
920823746
920911790
921120483
921284394
921726726
921890505
921987756
923594132
923687324
924010032
924717387
924778701
925009702
925166584
925289575
925347028
925475992
925523050
925648945
925706464
925796620
925838662
925926244
925978417
926021516
926053790
926087549
926136191
926158301
926184437
926221463
926285450
926336369
926463584
926507672
926555093
926594231
926639903
926826419
927116160
927174999
927276507
927376761
927500808
927551562
927629574
927701481
927938685
928007788
928083457
928146487
928178332
928190377
928275187
928295548
928337557
928423324
928477906
928517275
928729168
928795993
928834570
928934296
928976371
929058476
929089595
929140712
929217338
929264033
929379863
929516879
929874533
930183282
930200904
930211398
930234333
930278784
930322641
930346038
930363231
930459756
930579645
930636273
930692043
930706959
930791340
930840444
931525360
931660429
931821403
931940500
932039501
932188133
932367719
932489093
932593538
932670164
933065868
933392568
933464739
933806388
934437085
934655743
934870969
934969441
934997590
935034320
935263538
935290796
935344586
935377982
935479193
935588489
935701547
935712965
935774345
935835296
935914826
935937200
935969342
936044418
936096162
936180246
936243837
936320232
936513051
936631026
936665049
936833217
937167706
937306999
937674322
937787941
937889185
937980133
938090882
938150018
938234498
938311388
938355707
938519420
938594858
938696366
938915123
938957264
939097515
939376563
939446127
939694386
939951390
939997656
940158169
940336996
940406791
940478038
940531630
940550737
940598191
940706167
940748968
940806883
940846945
940998514
941292083
941524238
941598983
941749859
941793980
941871563
941944559
942201663
942468633
942560373
942886809
942986304
943093654
943149523
943233277
943279345
943451143
943516549
943595881
943646107
943731049
943826518
944194832
944349569
944430650
944509058
944543015
944558195
944649605
944670956
944712536
944738771
944771870
944811569
944835362
944850080
944894201
944946572
944985710
945012177
945093192
945126951
945171765
945201861
945254727
945345477
945406989
945497310
945524007
945543279
945614097
945684882
945912021
945995214
946044847
946119196
946124806
946401610
946540243
946555720
946689997
946941589
947062238
947349338
947578028
947713757
947730785
947863610
948000066
948059829
948165066
948183810
948262350
948306933
948337920
948369369
948448305
948523083
948573903
948656964
948771573
948799161
948859056
948886149
948909909
948928917
949056793
949121044
949237666
949288981
949408837
949475662
949570174
949749463
949817971
949941754
950090618
950225621
950297594
950543114
950761145
950792462
950880704
951036762
951118074
951260667
951462264
951511863
951667854
951724383
951752565
951789195
951938817
951973632
951998844
952064152
952142824
952207471
952234894
952309408
952373494
952407418
952485727
952565389
952579150
952627792
952689733
952715770
952763092
952789459
952829224
952852786
952862356
953041151
953242319
953322179
953447810
953518892
953539517
953553740
953585882
953622347
953671286
953714549
953738837
953848694
953983829
954043395
954092631
954145398
954300135
954395736
954578259
954705540
954760881
954878295
954925155
955009174
955278619
955717981
955975117
957059235
961334125
962595419
962618387
962914628
963040293
963099297
963154143
963205887
963297000
963372009
963423720
963468501
963609015
963642477
963708378
963716991
963920436
964107844
964296670
964331518
964382206
964429594
964647625
964759759
964772662
964875094
964927960
964963864
965113157
965769659
965833184
965875259
966015906
966097746
966145497
966178101
966240702
966299409
966326502
966357918
966450813
966485991
966561825
966706563
966726330
966780285
966814110
966883476
966951357
967008481
967101607
967119196
967170742
967267993
967329340
967386397
967414678
967502062
967549483
967614889
967683793
967747813
967796686
967842952
967861729
967921063
967975711
968014454
968063888
968105402
968123057
968248061
968274791
968451407
968560637
968579942
968630333
968833217
968908127
969061809
969215523
969314325
969382866
969444114
969656106
969736098
969832590
969914628
970021549
970040524
970222123
970286440
970486552
970567039
970668118
970691878
970825693
970992970
971058575
972239019
972781341
972902979
972938586
972995610
973073887
973217206
973298617
973341946
973386760
975653466
977118965
979136356
979204600
979252417
979516615
979548097
979615549
979673530
979722535
979747087
979780285
979788931
979905916
979949674
980070356
980247203
980316866
980391347
980683199
980845823
980901956
980961851
981059268
981098769
981251526
981453453
981543213
981592317
981650166
981765303
981800745
981867042
981925947
982024585
982087945
982126456
982154143
982258192
982301752
982411906
982466092
982488202
982608421
982733623
982763092
982794145
982948948
983125532
983253869
983295812
983373560
983541332
983621192
983686037
983719070
983764940
983779724
983834504
983936144
983984852
984078342
984183546
984191862
984251526
984288915
984304623
984312642
984337458
984380721
984429957
984544203
984635250
984677655
984781572
984798072
984817047
984877404
984954525
985073755
985143484
985358083
985391248
985478500
985557172
985645942
985691845
985938619
986043923
986098043
986308649
986336468
986377454
986463815
986520410
986634260
987490083
988083688
988204501
988353892
989861300
992143715
997028809
999327954
999984027
1000076626
1000155892
1000305811
1000337986
1000367323
1000401841
1000414315
1000424149
1000445797
1000476817
1000673794
1000721710
1000948354
1001773322
1001849486
1002029304
1002435996
1002491634
1002618354
1002639837
1002692472
1002749298
1002865260
1002949542
1002989967
1003037752
1003084579
1003107745
1003158631
1003180840
1003248325
1003351021
1003387849
1003490380
1003534369
1003656964
1003826287
1003886809
1003924462
1003962907
1003969870
1004095040
1004237138
1004280170
1004360591
1004485133
1004826254
1005014421
1005065472
1005152790
1005161568
1005191400
1006560340
1006649407
1007097251
1007760452
1007901791
1007942909
1008156255
1008280335
1008353463
1008400158
1008586410
1008634227
1008667128
1008750915
1008787479
1008807048
1008881661
1008897765
1009007392
1009085305
1009134343
1009194700
1009426162
1009528429
1009577401
1009702636
1009755436
1009825033
1010055374
1010172161
1010444906
1010575322
1012212949
1012340725
1012523644
1013024519
1013138105
1013168465
1014197802
1014676467
1014945054
1015118437
1016302478
1016504273
1016531102
1016584034
1016606870
1016745239
1016764874
1017104049
1017177243
1017255717
1017343398
1017384285
1017401016
1017532653
1017597366
1017651222
1017726957
1017848760
1017952875
1017980265
1018063888
1018113487
1018276540
1018314985
1018361581
1018412863
1018547965
1018610467
1018674619
1018828762
1018934956
1019023925
1019116292
1019161502
1019177408
1019319968
1019364815
1019511896
1019536646
1019654753
1019714648
1019837045
1020092268
1020295812
1020360624
1020438438
1020478434
1020493911
1020574200
1020608982
1020786456
1020840444
1020905982
1020986238
1021013233
1021320001
1022349239
1022458865
1022883410
1022930072
1023071181
1023186054
1023249876
1023335313
1023599940
1023705177
1024132594
1027344916
1027503514
1027726000
1027794376
1027882618
1028055011
1028073557
1028192225
1028212916
1028319902
1028323994
1028394086
1028499092
1028572946
1028673299
1028714846
1028768933
1028847803
1028881397
1028943833
1028997953
1029054813
1029087186
1029128172
1029138435
1029193776
1029320166
1029336237
1029379500
1029483417
1029536019
1029586641
1029633864
1029780615
1029966108
1030040062
1030399663
1030828663
1032002607
1034030129
1036702372
1037012441
1038390060
1038631851
1038828597
1038909711
1038940995
1038986502
1039010692
1039027093
1039076494
1039395505
1039498003
1039569349
1039691647
1039795267
1039837606
1039992409
1040009867
1040031680
1040078375
1040120516
1040185031
1040198000
1040223146
1040256773
1040375012
1040435072
1040508926
1040703395
1040784443
1040857274
1040905223
1040952644
1040987228
1041169554
1041241098
1041251097
1041397881
1041475596
1041599544
1041659637
1041712437
1041768603
1041947001
1041985941
1042028941
1042118107
1042164769
1042372471
1043162525
1043252549
1043288387
1043317064
1043371712
1043413259
1043445566
1043475002
1043710952
1043736296
1043747384
1043774939
1043789228
1043817344
1043969969
1044011946
1044056133
1044167871
1044196053
1044248325
1044301290
1044345807
1044446028
1044495000
1044629046
1044733062
1044795465
1044838827
1044868989
1044928356
1045016929
1045053394
1045112200
1045146091
1045496155
1045567468
1045634656
1045703725
1045732039
1045778569
1045838101
1045921294
1045944823
1045983565
1046023166
1046151107
1046256080
1046483384
1046630795
1046998349
1047131076
1047178266
1047195294
1047252450
1047312114
1047437217
1047487179
1047599610
1047634425
1047668019
1047703857
1047759066
1047854733
1047925914
1047993399
1048251823
1048287562
1048338811
1048418935
1048472791
1048593439
1048696696
1048732699
1048790548
1048959805
1049027885
1049087021
1049174966
1049275880
1049784377
1049897501
1051413589
1051439593
1051660297
1051824769
1056089661
1056168894
1056391809
1056412401
1056436392
1056575652
1056605121
1056755502
1056790086
1056944988
1056958584
1057030129
1057048312
1057089166
1057133485
1057153912
1057237237
1057321090
1057356433
1057509025
1057535227
1057557040
1057603867
1057656238
1057677028
1057698478
1057825792
1057871893
1057988977
1058102366
1058151041
1058269841
1058406824
1058468072
1058513183
1058591195
1058778404
1058890802
1059117216
1059259809
1059338976
1059394383
1059849189
1059895950
1059979737
1060002541
1060149985
1060261492
1060292380
1060421740
1060449196
1060678876
1060759891
1060859320
1060955746
1061125433
1061686763
1061914628
1062182919
1062351186
1062420453
1062544665
1062673926
1062766920
1062835824
1062885687
1062916674
1062968022
1063001023
1063031317
1063065175
1063128865
1063186219
1063212784
1063272910
1063384153
1063503019
1063567666
1063643764
1063682836
1063852786
1064217932
1064263802
1064298320
1064389268
1064445929
1064514239
1064680031
1064752598
1064873015
1064950631
1064965910
1065021648
1065186747
1065222024
1065249810
1065288486
1065364815
1065414216
1065485331
1065682209
1065762234
1066205953
1067596838
1067688446
1067784674
1067870309
1067887106
1068070455
1068102696
1068113190
1068148236
1068233739
1068318945
1068442860
1068694782
1068753918
1068780879
1068880143
1068943107
1068955779
1071609477
1072068838
1072256245
1075418473
1075519783
1075722271
1075781506
1075899613
1078080223
1078157707
1078255750
1078535689
1078853743
1078929808
1078969177
1079002277
1079064647
1079133188
1079305745
1079329472
1079376233
1079448635
1079492096
1079525459
1079582120
1079617958
1079680823
1079731808
1079733788
1079827145
1079918588
1080107976
1080301851
1080364386
1080409629
1080458766
1080475893
1080508200
1080580470
1080708609
1080899646
1081047949
1081214434
1081270402
1081279906
1081303732
1081397650
1081553806
1081698214
1081815364
1081917400
1081956802
1082030756
1083979176
1084155034
1084240966
1084350196
1084427944
1084477543
1084514305
1084678711
1084749364
1084813153
1084848067
1084890439
1084962973
1085062634
1085093159
1085178200
1085276639
1085308682
1085563508
1085660561
1085760683
1085776358
1085893970
1085904860
1086014619
1086145332
1086365343
1086435072
1086536019
1086635976
1086710820
1086850212
1086902286
1086954228
1087092037
1087121770
1087189618
1087262383
1087357159
1087386958
1087450846
1087484638
1087580107
1087784212
1088274263
1088336270
1088360954
1088399399
1088465267
1088604890
1088700326
1088741411
1088795498
1088874797
1088940038
1089008745
1089091971
1089239415
1089366267
1089437712
1089460779
1089854502
1090042174
1090548130
1090708510
1090804903
1090967692
1090980628
1091210342
1091867240
1091944394
1092385407
1092408969
1092597861
1092767481
1092880968
1093024915
1093069333
1093128898
1093187473
1093303765
1093382833
1093541596
1093994092
1094861201
1094912714
1094951258
1095008745
1095132759
1095233409
1095334455
1095411015
1095895851
1096516813
1098104181
1098283569
1098379500
1098718872
1098888855
1099373263
1105218394
1105283701
1105332937
1105404283
1105519651
1105557634
1105642774
1105719862
1105746493
1105849882
1105987525
1106146982
1106275385
1108398541
1108905388
1109507441
1109876876
1110582384
1112500247
1115960861
1116026301
1116203445
1116274263
1116390291
1116405207
1116425139
1116518298
1116552981
1116569019
1116633468
1116695508
1116720555
1116740289
1116748308
1117013332
1117044154
1117068442
1117166980
1117335247
1117422499
1117474177
1117564267
1117671088
1117759924
1117907731
1117993762
1118045012
1118096921
1118187110
1118208428
1118300993
1118334554
1118357093
1118431772
1118482493
1118545754
1118601920
1118674850
1118748407
1118814869
1118861531
1118925683
1119047784
1119081609
1119113949
1119148401
1119182985
1119197241
1119247071
1119300927
1119325314
1119385803
1119438108
1119479622
1119509817
1119542718
1119566973
1119678546
1119753555
1119822261
1119870045
1119895488
1119940368
1119969606
1120108141
1120145200
1120192357
1120259017
1120301884
1120319374
1120349569
1120403590
1120472791
1120665643
1120697851
1120715374
1120751905
1120810810
1120854568
1120900900
1120946374
1120981849
1121019470
1121098076
1121149622
1121215556
1121268026
1121317757
1121370227
1121407154
1121664224
1121730224
1121963303
1121991485
1122054351
1122098241
1122136059
1122217371
1122277992
1122334488
1122438207
1122532917
1122602646
1122777150
1124104742
1128154539
1128982080
1129240141
1129628947
1129867306
1130497574
1130585024
1130721149
1130793287
1131334422
1131452991
1131469887
1131539352
1131603207
1131668481
1131722040
1131777942
1131804408
1131930039
1131969111
1132047949
1132108306
1132229284
1132381843
1132425733
1132519948
1132570603
1132643533
1132693990
1132796521
1132955845
1133000297
1133073689
1133176616
1133208362
1133235158
1133290961
1133344223
1133369369
1133397716
1133421476
1133487047
1133573738
1133613008
1133671022
1133698940
1133743127
1133900537
1133910635
1133971355
1134023232
1134287793
1134411840
1134779031
1134839223
1134957297
1135155826
1135218757
1135357720
1135405966
1135474045
1135690261
1135864930
1135975348
1135994389
1136028842
1136157971
1136189453
1136239976
1136258324
1136278355
1136333894
1136385176
1136572517
1136757251
1136789360
1136831501
1136853776
1136945153
1137011319
1137056595
1137099165
1137118041
1137146718
1137173019
1137238128
1137318285
1137329604
1137376926
1137402303
1137469953
1137488466
1137629838
1138053922
1138139095
1138156288
1138176682
1138227964
1138321783
1138405834
1138475167
1138505065
1138696267
1138750849
1138790548
1138820248
1139168795
1139303039
1139355278
1139678645
1139795366
1139838365
1140005610
1140062139
1140116523
1140298617
1140387750
1140554136
1140622842
1140830412
1140973764
1141192489
1141332640
1141448734
1141544962
1141596838
1141969870
1142095106
1142211332
1142291357
1142350394
1142383526
1142436095
1142514074
1142674817
1142758241
1142868560
1142981849
1143129294
1145571032
1145611391
1145710688
1145872916
1145964590
1146043461
1146106491
1146125136
1146217239
1146289872
1146390654
1146471174
1146566874
1146648285
1146701580
1146831072
1146872289
1146918588
1146970431
1147099792
1147241494
1147299739
1147310035
1147437052
1147585783
1147746856
1147834867
1147966537
1148150645
1148662409
1148729333
1148796917
1148815364
1148841995
1148904431
1149031053
1149066132
1149139293
1149373329
1149664092
1149751278
1149819588
1149939576
1149967890
1150041547
1150083160
1150202257
1150360195
1150585057
1150668415
1150986040
1151009075
1151219450
1151348513
1151742830
1153177441
1155748341
1156961224
1157331155
1157707190
1157834999
1158143484
1158347787
1158427548
1158541596
1158580767
1158665874
1158722799
1158773157
1158791604
1158823878
1158868923
1159000363
1159210078
1159331980
1159373329
1159413787
1159444411
1159469491
1159662574
1159781341
1159958221
1160036201
1160205425
1160264462
1160291390
1160336798
1160438702
1160551892
1160663465
1160778503
1160800745
1169248853
1169318087
1169336699
1169384681
1169449592
1169508695
1169514074
1169526812
1169535920
1169571692
1169583968
1169618948
1169641157
1169654489
1169749298
1169984390
1170047619
1170079893
1170395142
1170548097
1170656766
1170766854
1170841434
1170963138
1171040458
1171110814
1171269742
1171779097
1172049863
1172625350
1172709368
1172800778
1172895851
1173078573
1173252681
1173320826
1173406989
1173592284
1173726594
1174122100
1174246345
1174449130
1174516384
1174620829
1174694749
1174790614
1174841896
1175057255
1175501666
1176020955
1176317889
1176333366
1176564795
1176607530
1176806058
1176896247
1176988812
1177077748
1177116028
1177189585
1177239679
1177286605
1177319836
1177347358
1177429000
1177460086
1177491205
1177563310
1177599940
1177615747
1177631455
1177719730
1177772728
1177868494
1178031053
1178064482
1178126456
1178150315
1178292116
1178449592
1178650265
1178747813
1178898458
1179002805
1179103785
1179220044
1179309474
1179459723
1179526977
1179609609
1179679437
1179781902
1179865458
1179906807
1179932580
1179970794
1179994257
1180066561
1180163911
1180205128
1180249018
1180339504
1180533280
1180609807
1180695178
1180750123
1180797544
1180831897
1180987921
1181059763
1181160776
1181206712
1181215853
1181237534
1181261261
1181306438
1181350988
1181689436
1181856416
1181932778
1181972609
1182104643
1182134640
1182182391
1182213675
1182316074
1182382074
1182433818
1182492063
1182561363
1182619410
1182662706
1182727749
1182754611
1182789459
1182849948
1182940533
1182968220
1183036267
1183243441
1183311817
1183424842
1183459789
1183516879
1183579843
1183779361
1184281886
1184364848
1184508035
1184567270
1184620796
1184650628
1184700029
1184773718
1184800250
1184855954
1184935880
1185018711
1185130119
1185191763
1185271326
1185468072
1185556413
1185673761
1185697488
1185764643
1185811800
1185852885
1185930171
1186310233
1187331221
1188063657
1188640200
1188764082
1188846483
1188898095
1188994785
1189280071
1189348876
1189384153
1189481074
1189572847
1189649143
1189688215
1189755601
1189837177
1189961224
1190018942
1190070686
1190159555
1190176187
1190212883
1190241428
1190300927
1190320496
1190396627
1190444510
1190466455
1190504834
1190562815
1190636471
1190680922
1190745206
1190761475
1190806784
1190878031
1190923340
1191027720
1191138798
1191319176
1191432762
1191539946
1191747186
1191848958
1191972015
1191992178
1192060027
1192135201
1192154341
1192172590
1192412137
1192576906
1192761079
1192934032
1192966867
1193050853
1193096393
1193483384
1193525393
1193585651
1193645216
1193896082
1194019371
1194701646
1195114312
1195254562
1195376959
1195730158
1195872817
1196588588
1197264330
1197339372
1197533214
1197771408
1197991749
1198252186
1198276738
1198332079
1198688215
1198831204
1198922746
1198960696
1199061677
1199205062
1199678480
1199800283
1199938256
1200365772
1200530838
1200588423
1200632412
1200876612
1200890340
1200989967
1201217239
1201242385
1201375342
1201501930
1201542355
1201574365
1201968484
1202076956
1202173514
1202220473
1202301224
1202330726
1202424149
1202474309
1202708609
1202781341
1203008778
1203048972
1203456324
1203540870
1203630696
1203846846
1204050259
1204168729
1204438042
1204546117
1204597960
1204654819
1204733920
1204868494
1205535953
1206006600
1206069333
1206346698
1206394812
1206471735
1206566379
1206602019
1206656832
1206683562
1206695508
1206825561
1206903903
1206976800
1207022803
1207058212
1207095337
1207125763
1207158268
1207190872
1207402468
1207462033
1207501435
1207595221
1207729399
1207762036
1207815166
1207852423
1207868494
1207881364
1207933273
1208067650
1208118965
1208311256
1208379467
1208392931
1208411114
1208440187
1208478500
1208539781
1208567765
1208619278
1208954690
1208991716
1209037158
1209061842
1209143418
1209210936
1209264000
1209329670
1209338019
1209358380
1209435831
1209480084
1209563871
1209617826
1209674124
1209726297
1209794904
1209850344
1209932514
1210024057
1210128799
1210213873
1210325974
1210405801
1210447348
1210507474
1210613371
1210702438
1210889911
1210990231
1211031845
1211103488
1211163746
1211224664
1211242616
1211564399
1211621654
1211652344
1211775269
1211827772
1211868230
1211910437
1211991848
1212135663
1218582384
1221879912
1221894861
1221934032
1221973335
1222037917
1222097647
1222116457
1222130548
1222148764
1222177276
1222194832
1222215061
1222306999
1222327327
1222357060
1222389829
1222453783
1222591228
1222636603
1222673233
1222716397
1222735339
1222794112
1222849552
1222984786
1223055011
1223106524
1223174009
1223587334
1224056529
1224346632
1224433983
1224634227
1224741345
1224823845
1224945021
1225002409
1225062106
1225083457
1225158004
1225184701
1225363660
1225423291
1225465234
1225569580
1225638913
1225730290
1225870573
1225923736
1226000957
1226127215
1226152064
1226274197
1226354915
1226462627
1226563409
1226723459
1226763389
1226849783
1227508101
1227561165
1227638781
1227852786
1228079596
1228249513
1228370953
1228448074
1228545853
1228801900
1228885060
1228990297
1229092433
1229205161
1229320430
1229463023
1229565257
1229640827
1229773256
1229789096
1229820446
1229881661
1229896709
1229943338
1230027225
1230198528
1230301554
1230426162
1230522258
1230649374
1230770583
1231018150
1231084282
1231131868
1231167937
1231247599
1231454542
1231506616
1231572715
1231659109
1231670065
1231891726
1231969012
1232025080
1232095766
1232125004
1232307923
1232413787
1232471174
1232509784
1232663465
1232696003
1232754215
1232842094
1232894465
1232993663
1233041646
1233186219
1233279906
1233317427
1233379335
1233405801
1233474309
1233491799
1233540606
1233598323
1233743391
1233768372
1233794838
1233818532
1233902748
1233924957
1233957759
1234055176
1234094677
1234177639
1234211167
1234322146
1234404646
1234471933
1234792528
1234869814
1234912450
1234979440
1235059202
1235147939
1235173844
1235237336
1235379038
1235489324
1235525459
1235559647
1235582285
1235617232
1235660231
1235692901
1235825198
1235840609
1235929412
1236200937
1236280632
1236331452
1236520179
1236620334
1236722898
1236800151
1236868032
1236927960
1237236313
1237359172
1237442398
1237638814
1237751509
1237791208
1237882255
1237964326
1238012969
1238122826
1238219021
1238241428
1238272481
1238325479
1238356796
1238390522
1238493119
1238567600
1238587730
1238637692
1238852819
1239009339
1239125862
1239253902
1239337260
1239431310
1239539055
1239635943
1239844569
1239904068
1239981750
1240044715
1240138501
1240226974
1240276771
1240322410
1240689832
1240801009
1241031614
1241069927
1241107547
1241277695
1241440913
1241630828
1241652674
1241746988
1241797907
1241897996
1241951522
1242078771
1242139722
1242354816
1244397419
1245641487
1245775467
1245854931
1245976371
1246122001
1246317526
1246450318
1246967395
1247091014
1247136356
1247377157
1247390192
1247483813
1247577995
1247654621
1247681846
1247823647
1247926145
1247985347
1248019833
1248078474
1248286473
1248330495
1248353727
1248610929
1248663300
1248794079
1248870111
1248972906
1249078078
1249094512
1249170643
1249230802
1249394878
1249408804
1249428307
1249511797
1249584562
1249649803
1249789228
1250155991
1250420750
1250538098
1250678975
1250744513
1250833811
1250971586
1251036960
1251143550
1251241197
1251366069
1251427218
1251523644
1251590601
1251749562
1251836517
1251904959
1251940533
1252044616
1252113223
1252190608
1252251064
1252278784
1252364749
1252439923
1252513810
1252542421
1252568623
1252656106
1252705870
1252856482
1252923142
1253076593
1253280170
1253337029
1253385770
1253437613
1253474111
1253512061
1253528528
1253549450
1253586542
1253636009
1253779757
1253819126
1253856713
1253996864
1254053823
1254174240
1254204369
1254245718
1254303072
1254411510
1254467544
1254506649
1254601557
1254650430
1254774741
1254830841
1254864765
1254889548
1254977724
1255003102
1255037653
1255060489
1255181137
1255264594
1255294525
1255405669
1255480579
1255535557
1255575520
1255686829
1255732270
1255800778
1255866811
1255929181
1255967890
1255989109
1256078507
1256134871
1256193314
1256255057
1256328020
1256529155
1256623667
1257169290
1266437811
1270975876
1272178002
1272382503
1272746955
1272978153
1273066726
1273098208
1273150942
1273216447
1273239382
1273288717
1273324060
1273350889
1273366003
1273383691
1273414480
1273479424
1273529089
1273560208
1273583308
1273625911
1273645546
1273707025
1273732501
1273786159
1273804804
1273823185
1273880308
1273939114
1273965613
1274005709
1274033099
1274101013
1274137808
1274199221
1274227535
1274282876
1274297363
1274304986
1274332739
1274417582
1274453684
1274646668
1274670230
1275472362
1275595683
1275638880
1275768570
1275835263
1276020295
1276059202
1276103224
1276176616
1276213345
1276267234
1276281985
1276300795
1276329736
1276397815
1276412533
1276448602
1276494505
1276512820
1276537504
1276555555
1276636372
1276802230
1276814869
1276944658
1277007260
1277096921
1277829290
1278250833
1278350889
1278382371
1278489324
1278526482
1278568128
1278718410
1278777876
1278875820
1278923010
1279055539
1279094149
1279231066
1279338580
1279366135
1279398970
1279455136
1279501039
1279587895
1279659406
1279727650
1279754248
1279876645
1279948453
1279996534
1280163317
1280467808
1280899778
1281131538
1281192093
1281588555
1282253506
1283561726
1283901725
1284084249
1284199155
1284277794
1284334422
1286087120
1286860970
1286915684
1287035178
1287067584
1287107976
1287406197
1287456060
1287528858
1287564696
1287616638
1287676335
1287725307
1287819489
1287955515
1288046299
1288087912
1288142791
1288165528
1288189750
1288257334
1288509520
1288751311
1288948684
1290090948
1290348447
1290470646
1290813417
1294838068
1295705111
1295829950
1295865128
1295900702
1295901791
1296003663
1296148203
1296204699
1296437580
1296479358
1296556710
1297335478
1297419925
1297504867
1297724284
1297776688
1297868461
1297875358
1297982476
1298155199
1298181137
1298204765
1298262152
1298286836
1298386265
1298481635
1298865854
1298949278
1299381447
1299460383
1299521532
1299612909
1299694947
1299749463
1299823020
1299911097
1299939477
1300125268
1300140811
1300266541
1300360063
1300468930
1300528627
1300656238
1300999306
1301059235
1301116094
1301145530
1301204567
1301332409
1301477048
1301553311
1301717123
1302304161
1302521664
1304308946
1305659208
1306893211
1307068937
1307222618
1307854040
1307930699
1307997920
1308013530
1308048576
1308139689
1308241758
1308274428
1308336006
1308432663
1308686994
1308852720
1309193116
1309298650
1309372042
1309467148
1309556743
1309715275
1309862257
1309905817
1309973533
1310027159
1310131505
1310200805
1310325083
1310395439
1310502194
1310717255
1311018249
1311251361
1311622281
1311701745
1311753654
1311773025
1311854337
1311861267
1311872718
1311890901
1311926046
1311991980
1312051744
1313404811
1313646866
1313764676
1314254595
1315014454
1316591129
1317085767
1318193677
1318415107
1318534699
1318618948
1318772035
1318836286
1318916179
1319124905
1319186450
1319232221
1319567864
1319734910
1319925287
1320018381
1320205656
1320490644
1320501501
1320568425
1320656040
1320701613
1320834438
1320922086
1321063921
1321091179
1321336831
1321398112
1321532983
1321654951
1321656667
1322242418
1322289905
1322388014
1322653070
1322899118
1323098043
1323666765
1323770154
1323935484
1324076230
1324130053
1324238392
1324286242
1325579348
1325653664
1325753192
1325948090
1326013002
1326060885
1326116028
1326167013
1326280566
1326316305
1326343332
1326508893
1326545622
1326561726
1326647262
1326712305
1326926112
1327082896
1327280467
1327317163
1327330990
1327337029
1327522885
1327970200
1328082533
1328173712
1328227106
1328336534
1329313797
1329494472
1329609345
1329770319
1329936309
1329996072
1334185889
1334434412
1334679635
1334932613
1334973632
1335028314
1335171402
1335265716
1335415272
1335464244
1335566445
1335667755
1335713130
1335754809
1335856185
1335975909
1336011055
1336437844
1336838893
1337557469
1339180873
1343562683
1344034485
1344075075
1344161799
1344269049
1344372273
1344545292
1344605649
1344755337
1344903144
1344959904
1345176517
1345280764
1345464937
1345485958
1345724647
1345791307
1345839355
1345920040
1346019668
1347173514
1347243738
1347323400
1347564828
1347626043
1347711216
1348071709
1348253770
1348298353
1348324258
1348465564
1348550110
1348608883
1348630135
1348658746
1348793518
1348814011
1348849090
1349186879
1349321288
1349363924
1349725538
1350368280
1350506451
1350611358
1350670362
1350775434
1350819324
1350938751
1351132858
1351201828
1351218196
1351236940
1351252120
1351263835
1351271623
1351377157
1351394350
1351491073
1351530211
1351713097
1351730158
1351791868
1351939642
1351960993
1352014487
1352144408
1352216810
1352244431
1352429660
1352525294
1352627495
1352772596
1352856746
1352937761
1353020559
1353123123
1353656271
1353753753
1353831534
1354367191
1354441540
1354486321
1354574068
1354718047
1354782529
1354846813
1354909909
1355021054
1355367818
1356114345
1356626208
1362007293
1371986832
1373172128
1375399729
1375447876
1375536118
1375553047
1375662409
1375715572
1375737253
1375783321
1375813384
1375904365
1375935088
1375997821
1376083886
1376150678
1376160116
1376244563
1376280500
1376330990
1376351615
1376385506
1376469095
1376516087
1376593670
1376733524
1376914958
1377032769
1377284130
1377441738
1377518397
1377543642
1377597729
1377993069
1378074844
1378161436
1378219912
1378272778
1378428868
1378470349
1378519354
1378553476
1378598224
1378763785
1378890307
1378988449
1379056166
1379136290
1379182259
1379264693
1379369831
1379428142
1379536613
1379643632
1379687687
1379697983
1379778173
1379864138
1379949212
1380154143
1380232716
1380274989
1380381876
1380429396
1380723855
1380761145
1380865491
1380888756
1380939741
1381096954
1381161502
1381248193
1381717486
1382046629
1382065208
1382150051
1382364452
1382472065
1382565950
1382969672
1383268422
1383329571
1383403293
1383448635
1383475002
1383551166
1383604626
1383655248
1383677688
1383806982
1383868593
1383916443
1383966438
1383986040
1384020130
1384114312
1384135036
1384202818
1384305910
1384425106
1384510213
1384579975
1392561594
1392574134
1392582351
1392592845
1392602151
1392639474
1392786753
1394432234
1394536712
1394565719
1394583737
1394655314
1394906807
1394981090
1395017589
1395042702
1395087153
1395099891
1395147906
1395264000
1395340329
1395402534
1395425535
1395502656
1395543048
1395593736
1395620895
1395637065
1395660594
1395791736
1395866217
1395982806
1396004950
1396031911
1396043560
1396073359
1396117942
1396152493
1396180609
1396258291
1396283206
1396324687
1396354783
1396437085
1396477213
1396513645
1396624855
1396661551
1396682407
1396716001
1396745932
1396778932
1396794673
1396836088
1396863973
1396972081
1397047058
1397127875
1397173283
1397216909
1397262845
1397297495
1397351681
1397390654
1397438537
1397499521
1397517638
1397572517
1397632841
1397719565
1397886479
1397935649
1397990561
1398101541
1398233772
1398259248
1398304953
1398367752
1398378048
1398592746
1398662046
1398696927
1398775269
1398874071
1398916971
1398967494
1399053691
1399171468
1399235587
1399251097
1399390852
1400299904
1400348051
1400414216
1400518232
1400573540
1400843117
1401024486
1401051480
1401116985
1401290697
1401511731
1401659670
1401747186
1401836814
1402056364
1402171600
1402211464
1402451110
1402530673
1402591426
1402606177
1402630828
1402702273
1402727188
1402863643
1403021252
1403123915
1403674850
1403856053
1404051612
1404241032
1405250272
1411556083
1411698577
1414645975
1416467643
1416527670
1416671682
1416929808
1417069201
1417580602
1417728211
1419137445
1425936672
1425962940
1426202521
1426264561
1426275748
1426288024
1426570405
1426821898
1426898656
1426973335
1427089100
1427130185
1427206415
1427274890
1427346830
1427393822
1427427449
1427435006
1427461736
1427697125
1427772563
1427800250
1427845856
1427971355
1428027720
1428086394
1428255255
1428340395
1428371778
1428558162
1428614493
1428679965
1428938784
1429064779
1429578556
1429671583
1429705903
1429740421
1429800184
1429859452
1429881661
1429976998
1429988218
1430022935
1430080817
1430110748
1430146982
1430224169
1430250899
1430318054
1430375969
1430436920
1430465729
1430553410
1430636273
1430750750
1430774972
1430823548
1430898062
1430944064
1431022836
1431102564
1431115896
1431207108
1431859023
1431999636
1432080223
1432225753
1432259050
1432323103
1432376497
1432406527
1432473022
1432570339
1432586509
1432616275
1432885027
1433013629
1433076758
1433135993
1433270435
1433306933
1433329505
1433407616
1433567798
1433676170
1433701184
1434743820
1434981486
1435164604
1435289509
1436686037
1440173745
1440346170
1440373626
1440525294
1440548460
1440603867
1440640926
1440744513
1440767844
1440819819
1440885027
1440952743
1441013992
1441121407
1441248919
1441299409
1441414447
1441513183
1441609147
1441657426
1441742203
1441853413
1441909744
1442021516
1442192588
1442319902
1442374748
1442449328
1442840708
1442951456
1443206349
1443364188
1443432531
1443575817
1443692505
1443785895
1443878856
1444195690
1444371382
1444538659
1445218592
1445574101
1446083919
1448795465
1449961257
1449976635
1450767910
1451036663
1451295284
1451407286
1451924066
1452525987
1452953238
1453158301
1453236511
1453302907
1453371580
1453564432
1454188331
1454443685
1454573936
1454669537
1454727320
1455367587
1455412071
1455509256
1455551067
1455562782
1455591525
1455603009
1455841005
1455958452
1456139986
1456173184
1457267531
1457372042
1457424908
1457472692
1457625317
1457687555
1457701679
1457731346
1457759231
1457776853
1457823911
1457848001
1457867108
1457930765
1457970629
1458011121
1458048510
1458122397
1458162393
1458201696
1458243441
1458324159
1458366498
1458430122
1458519981
1458632379
1458769428
1458841434
1459603768
1459676500
1459741939
1459819687
1459865392
1459945417
1460246873
1460420585
1460516846
1460608751
1460674322
1460727518
1460749793
1460792990
1460828729
1460913704
1461075405
1461113091
1461155199
1461274659
1461348777
1461386859
1461444411
1461487773
1461675774
1461705606
1461752994
1461864963
1461932415
1461988218
1462092334
1462214632
1462391677
1462473550
1463327294
1463358248
1463411576
1463485529
1463607233
1465069333
1465268554
1465383130
1465480711
1465589215
1465705474
1466065406
1466105105
1466186813
1466281325
1466392370
1466884169
1469514734
1469789129
1469860112
1469898689
1469970167
1470004884
1470144936
1470277101
1470301158
1470331287
1470473253
1470489984
1470549417
1470599247
1470692406
1470703032
1470727749
1470881859
1470963039
1471259380
1471409101
