242889020
243219879
243764445
244306933
244417747
244637131
245257895
245291951
246928686
246991980
247033495
247045837
247150480
247393228
248686235
249317262
249772893
249841929
250090486
250324852
250409992
250444015
250477609
250655314
250791934
250836385
250897237
250951357
251150579
251340824
251499818
252678216
252751740
252855723
252908292
253079101
253334158
253431277
253606177
253758670
254023364
254085569
254308319
254474804
254532620
254661551
254744216
254917631
254998217
255203379
255272976
255568854
255683100
256123156
256514734
256529584
256945219
257205293
257442596
258342210
258823350
260478995
262185823
263641520
263745734
264050358
264129426
264352440
264364848
264393954
264446424
264505494
264588654
264661452
264768306
264953271
265042009
265156189
265222651
265367356
265406230
265485199
265552024
265697191
269281820
269985545
270044979
270111111
270249909
270277431
270436623
271115665
271308088
271423654
271563442
271878658
271993168
272042966
272444708
272747813
273415866
273602415
273727056
273820446
273837606
273972279
274120615
274358479
274633237
275266706
275384450
275798963
276163152
276211233
276256080
276338283
276692340
276756393
277162228
277311421
277431739
277560439
277785994
277908589
278099033
278606573
278683100
278878922
279408111
279863016
279996633
280099099
280138633
280140052
283117546
283707520
284587367
284719928
284847110
284890934
285105171
285142890
285203544
285230769
285469854
285550077
285730455
285961125
286243804
286628056
286750882
286827046
287112299
287497442
288567468
289174834
289214863
289466917
290448173
291253506
291331518
291817905
293111474
293287628
293592944
293768603
293899943
293980232
294426855
294701316
299969804
300006105
300288288
301639408
301793782
304070554
304242022
304460581
304814374
304846945
305926607
306033759
306734250
306886149
307087945
309136389
309561231
309637626
310357192
310512226
315419562
315470580
315757746
315914661
316049632
316845031
318722172
318855096
318927927
318961653
322159522
325267069
325497805
326221925
326405042
326463320
326593241
327241065
327337128
327534468
328008580
328203214
328631422
329246015
330185757
330244266
330904332
331278190
331859749
332211497
333489390
334297363
335324390
335328383
335769791
337746361
339732105
339877008
340055638
342158664
342337161
342975546
343933669
345674553
349995676
351237468
352733392
353456852
354025509
356336897
359368379
360972444
361289047
362054417
363212982
363445830
365178134
365425931
366019965
366027192
366798633
367118800
368769329
369186582
369363396
371035211
372131538
372794079
372918093
373586047
374021186
374439131
374556479
374587829
374606144
374664554
374681879
375278421
375353661
375502029
376310365
376433587
376699402
376799623
376895917
377051051
377375276
377416625
377479985
377497178
377569712
377727980
377857769
377948618
378831369
379037983
379064185
379236511
379366234
379458997
379526911
379806685
380203049
380308418
380522951
380533808
381044517
381055638
381530640
381961389
382434544
382440814
383422466
383967296
384645810
384848892
384943437
385055572
385331056
386902847
387065175
387474969
387560571
390406131
390452331
390845856
390957066
391020592
391267003
391366927
391507540
391554400
392163383
392209979
392260106
392406890
392429825
392521037
392571692
392678546
392766590
392826650
393103950
393394878
393472857
393798270
396932547
397072501
397117018
397463056
397778041
399603966
399772728
400415734
400462132
400748044
400836913
402092136
402161733
402934659
403018810
403198858
403382437
403604989
403787710
403803814
404015048
404051843
404172755
404356202
404680064
404821766
404839124
405450417
405949047
406331518
406543312
407610269
407945252
407998052
408077550
408237435
409023727
409026730
409257202
410484935
410658416
410787347
410956142
411126093
411279972
411378213
411421740
411702207
412543444
413730785
414157575
414231330
414348348
414350691
415289905
415374781
416825924
417216282
417221232
417228195
417470712
418069234
418280269
418407187
418483120
418492888
418793056
418873543
420259182
420280302
420390192
420457182
420643368
420672375
420682242
421482724
421563871
421634755
422406527
422502821
423222915
423495264
424379995
424859452
425316371
426042669
426571362
426965844
427103488
427217305
427388146
427525723
427683694
428542025
429249051
430126621
432053163
432876942
433653499
433852951
433983499
434224697
434248919
434310992
435100551
435184338
435293073
435358941
435425469
435457413
435682671
435691548
436447183
436848694
436925089
436944625
437268026
438419595
438437250
438570636
438673266
438895125
438957033
439029271
439887898
440055374
440065043
440123057
440134112
440150414
440719400
440759330
440818136
440870936
440962808
440970629
441467412
441481602
441940962
442114510
444725934
445718905
446005544
446333168
447481272
448777546
449394845
451026994
451534204
451690888
452514140
452911592
453642741
456024684
456858198
457131835
457558459
459508200
459589644
460022803
461151437
461616638
462165594
462475794
462594726
462610863
462725703
464464838
464653004
464907335
465095436
465255486
465323367
466532818
466566346
466887469
466993333
467068145
467177738
467191928
467449163
467835131
468076890
468196779
468514371
468622611
468795894
468968451
469062073
469125565
469289080
469388773
469703296
469832293
470076725
470338976
470958881
471141999
471661617
471890901
473005940
474358479
474441375
474545754
474620037
474645777
474662970
474714747
474764907
475068937
475198000
475334785
475466884
475718641
475831534
475910470
476228063
476320265
476537570
477010725
477646437
478896841
479370194
479967659
480254265
480523743
481052470
481165165
481254562
481521895
482211134
482714582
482875226
483150084
483422499
484037521
484495759
485519783
487327921
488845262
489034353
489201828
489241395
489333762
489815562
489938784
490112431
490512820
490764445
490858231
490879582
490982707
491120087
491550902
491921558
492165792
492632115
492968220
493465333
493513381
493707916
495096756
495101838
495429891
496471471
496802659
496887436
497114741
498326304
498434907
499940797
500313599
500396693
500462495
500616902
500785796
500846780
501397848
501564531
501634722
501889647
501976107
502553872
503515295
506595188
506758769
507030492
507565092
509405999
510626967
510634623
511321783
511374583
511465993
512470877
512622974
513574266
513768042
514134145
514488367
514659109
514766821
514801108
516067188
516923505
516938751
517469623
518928917
520115698
520298089
520939807
521108834
521553806
521599478
521800646
522386100
522403524
522533940
523189519
523436062
523893046
524213873
524309012
525712470
526335643
526616011
526707355
527145398
527391743
527454839
527488565
527527472
528010362
528242715
528296340
528560802
528660000
528838332
529266541
529705870
529741411
530065373
530244563
530327393
530533676
530643896
530849354
531462264
531476685
531652542
531945747
532083721
532102267
532248358
532372900
532600336
532625680
532883179
532988713
533135135
533164505
533277827
533361746
533565851
533759066
533965019
534052866
534224697
534382470
534588720
534638055
534763719
534774510
534808863
534841995
534911592
535034584
535236709
535394548
535553377
535702537
535789921
535849915
535864963
535922350
536133254
536287595
536455037
536527670
536572649
536734811
537015081
537756162
537838002
538034947
538567963
538872652
539113883
539363165
539968121
540078837
540745338
540817806
540985248
541047124
541157971
541266211
541367521
541554103
541606474
541754644
542170907
542289344
542432861
542547173
542907665
542975348
543006600
543142989
543269214
543445467
543719301
543729135
544115566
544234168
544295581
544316404
544428109
544561792
544655908
544871530
544990033
545073623
545124245
545276936
545593043
545600402
545614196
546331485
546657624
546723360
546753489
546863346
547046299
547184767
547479358
547642180
547738012
547830610
547954360
548086988
548269511
548326997
548392436
550359601
550416163
550542124
550618816
550756657
550876513
551204435
551478137
551732930
552069366
552471240
552577599
553420750
553435072
553537273
553554433
553680394
553705639
553813582
556398211
558058641
558429000
558523512
558625614
558819555
559111837
559234531
559247434
559351153
559371976
559417186
559463848
559682275
560124509
560310596
560445665
560462000
560809754
560855360
561119361
561305910
561444246
561833778
561931656
562139689
562376959
562415899
562643995
562730158
562792594
565413721
566786918
566920502
568618486
568899019
569111804
569306537
569877866
570269841
570783024
571149853
571448569
572114708
572804243
573140910
573274098
574874632
575338118
576903705
577370755
577801834
578010296
578338976
578687159
578974292
579128469
580224466
581169059
581413094
581507507
581592218
581675444
581760056
581841533
581972840
582088176
582540243
582781374
582892551
583859980
583941160
583993333
584070587
584508233
584549450
586331089
588678018
588799425
589161337
589660594
590658185
590923010
591518991
593990462
594523512
594539979
594968880
595919710
596239349
596590865
596662970
596781110
596822459
596865689
596999768
597056100
597481140
597797445
598150810
598180939
598440748
598765105
598880836
599050886
599158433
599296802
599473847
599738507
599831732
600296604
600347226
600569811
600744051
601005742
601007491
601146256
601399333
601487806
602133056
602442233
602577863
603016038
603250701
603257796
603664356
603801603
603854733
603985380
604580998
605026895
605143286
605334059
605358149
605544203
606089298
606215985
606842094
607533082
608222453
608645348
608759297
608869946
609155199
609237402
609404415
609860541
610316569
610555687
610570042
610689205
610690294
610826584
610887172
611124146
611208362
611631851
611703230
611834669
611915915
611986865
612519354
612635844
612681384
612778437
612873411
613068178
613318054
613418968
613581196
613682506
613857076
614012573
614074910
614142428
615657888
616259644
617192357
617719268
617790548
618019635
618085734
618439395
618444906
618464244
618949806
618964788
622350955
622534369
623508299
624018645
624125697
624151602
624295482
626930534
627238524
629196779
629350394
629379797
629612909
630076296
630138468
630617892
631108900
631325413
631928917
632484671
632575388
632798171
632965019
633421509
633798567
634098604
634527604
635006369
635109527
635255354
635331518
635588225
635697851
635970695
636221892
636729663
636951522
637178860
637605418
639669009
639940830
640021516
640090882
640139524
640160710
640371877
641384516
642732435
645099066
647393492
647424512
647508332
647613437
647702735
647807279
648448140
648932580
649278256
650011220
650325083
650899712
651401577
651683034
651902352
652668019
654157542
654430782
654905553
655158961
655989769
656990825
657136719
657713460
657902550
658376068
658658152
659292281
660071907
660257400
660489786
661191103
661917334
662993300
664633105
665910371
665934296
666336303
666649077
666752598
666788337
667252219
667278256
667379137
667605880
667950235
668457809
668651123
668782628
668873642
668955581
668985545
669195063
669283140
669397683
669620730
669636207
669785268
669791670
669936243
670620037
670936903
671521829
671948189
672561759
672825429
673898854
675356235
676489522
677050127
677321387
679769989
680085767
680218559
680650034
680742203
680775830
680922515
681041613
681417615
682587235
682607563
682876051
682908160
683009174
683024618
683053592
683109131
683174570
683270864
683435699
684115203
684151899
684599544
685902583
685959904
686064251
686097779
686174042
686210903
686796323
687007425
687030822
687488499
687572748
687582582
688122529
688372438
688412632
688801537
689453585
690486321
691716034
692113784
692311487
692498432
692530706
692532587
692562782
692616506
692834603
693781935
693826188
693996732
694304722
694459558
694639309
694651618
697110187
697307857
698110880
699069135
699184206
699882585
700006072
700608685
701009207
701013959
702355080
703320991
703727914
703762168
705158202
706645018
707276672
708850806
709976008
713729927
715287067
715444081
717119262
717521070
719743127
719850080
720234399
720963237
721579282
722381150
722465564
722533478
725386892
725552090
728870540
729800085
731574431
731817707
731931920
732190575
732290037
732733524
732787875
733164043
733188793
733239811
733281160
733313632
733439626
733528594
733693033
733818796
733988218
734238623
734419100
734748902
735384648
735481239
736925188
737975876
738267201
738498267
741980067
742016236
742167046
742366597
743196152
743252219
743905784
745140778
745222057
745392238
746156882
750193314
753038445
754384054
755375243
756416295
756553575
756694815
756964128
758895455
759308682
760572880
760893277
761657954
761811833
761861927
761902682
762642246
762940368
763013959
763975249
764091740
764195855
764416955
764478962
764589743
765079200
766023463
766035904
766219054
767868857
768020229
770298650
771004191
771102729
771591690
772082071
773149655
774761244
774963501
774978054
775921327
776024981
776667590
777337821
777441210
778677358
780581262
781185889
781352209
781405900
781518430
781529320
781720291
783641784
783671550
783806124
784742203
784834735
784960729
785417483
787457017
787924198
788671319
790100155
790142032
790398937
793010725
793132594
794952116
795177210
795300729
795987888
798534930
798992970
799426723
799441540
800394944
800538989
800689106
800807543
804847968
806892452
807022473
807045672
807226512
807693363
807818103
809169719
809368115
811174306
811327624
812013233
812149952
812722700
813566445
814507210
814761442
815171303
815966009
816296406
816469986
817225918
817388575
817515823
817539781
818141075
818330264
819098175
821104610
821202653
821707883
822985677
824609081
824651354
826246378
826282744
826548988
826607134
827565884
827643566
827690756
827782760
830586212
830697587
830756228
831149028
832041085
832331551
832892914
834005511
834765435
835617694
836395439
836628980
836736164
836761409
836977493
839675444
839707652
840112629
840157080
840190641
843835329
844323202
844983103
845215886
845324159
845736923
845839619
845940368
846287628
846297231
846476190
847246807
847733887
847841731
847888261
848432729
849163020
850316965
850345378
853435996
853627693
855506253
855943833
856094116
856491403
856525591
857317757
857514107
857675444
857684189
857702570
859163515
859235323
860608157
861088374
861137016
861377223
863692736
865432234
865555225
865636306
865709038
865741642
865945516
866184701
866793287
867300102
868366498
868441639
868546744
868714615
868742269
868968484
869576939
870319011
870392172
872166815
872768603
873804837
874761673
875069861
875462693
875570207
875910503
876527703
876925881
877086361
877790251
880115731
880149721
880159819
880166188
880606540
881819060
884098538
885496155
885632841
885719103
885778734
886581559
886613701
887018381
889174933
889568755
890954591
891767217
893406923
893796290
894917169
895497145
895987360
896285582
896356763
898445698
898994785
899892551
900481503
901304755
901456522
901959277
905931656
906060291
906442860
907298254
908633765
909802527
909832986
910325446
910348942
910636009
911005412
911544731
911698511
912228558
912338085
912383724
912549384
912709071
912837408
913099066
913470118
913603999
914283107
914468468
914578028
914804870
916188430
916204138
918173778
918242385
919240207
919448635
919584001
919912549
920496518
921123024
921937497
922008811
922305184
922907401
923073194
923227040
923737220
924186450
924306933
924540540
924622215
924773718
924826815
925151701
925351714
925771474
925903375
926024420
926204831
927107151
928318747
929770814
931945747
932308253
932439626
932831897
933379962
933575322
933628419
933700029
933839652
934145299
934200937
934341418
934411939
935183645
936829884
936871266
937005379
937303435
937481239
942361515
943163713
943308220
943585222
943869352
943977229
944036432
944091872
945269214
947405603
948867306
951908325
952784278
953209154
954352935
955188595
955439263
955534699
955661485
955743754
955870342
955880671
956237369
956538791
956555357
957248523
957471867
957588687
957692802
957784806
958378741
958727914
958833382
959033858
960228558
960641751
960814803
960962709
961156783
961241956
961272580
961452331
961499620
961567534
961651090
961765732
961776919
961977823
962029931
962165759
962312774
962782331
963539913
964054219
964120879
964636438
964929643
965028380
965084843
965441870
965598587
967467610
969029337
970164769
971717387
972528099
972547008
972907236
973346302
973500115
973974028
973987459
974009834
974188100
974930369
975097416
975459129
977176814
977259578
979205920
979210804
979846615
980266046
980652575
980820842
981458370
981631587
981722997
982500115
982778668
982900108
983130218
983425931
984734052
985068574
985184668
985202488
985368148
986536481
986819720
988199254
988521598
988678117
991029106
991251163
993944328
994045276
994291984
994380952
994808335
995597894
995854370
996241956
997456060
997848331
998446292
999191895
1002083094
1004278487
1005234564
1005287298
1005408837
1006404778
1006431211
1006670362
1006684849
1007689040
1008425205
1008437646
1008605088
1008719037
1008994059
1009148929
1010319836
1011470877
1011931590
1012124344
1012710655
1013652740
1015136455
1015415272
1015588357
1015686466
1016290862
1016309870
1016450351
1016492162
1016649176
1020631224
1021225951
1021417813
1021642081
1021795102
1022084777
1022426327
1022594033
1022723822
1022814308
1022897237
1022964062
1023370491
1023818433
1024681549
1024846516
1024965811
1025027258
1026528627
1027146058
1027293997
1027906279
1028160215
1029243936
1030204468
1031920238
1031972675
1032096888
1032526647
1032985446
1033084975
1033115071
1034900207
1035306504
1036248556
1036721479
1037132561
1037189090
1037406593
1038234366
1039611127
1040479424
1041353001
1041804474
1041914364
1042562386
1042701118
1042791373
1043665346
1044540309
1046106623
1046552189
1046662079
1047545127
1047695244
1047864237
1047987822
1048036069
1048116721
1048528099
1048663168
1049380325
1049593340
1049743094
1049805893
1050937101
1052899514
1053034683
1053276738
1053385143
1053436458
1054029601
1054616374
1055642708
1057027192
1057381612
1057594363
1058317592
1060741246
1060957396
1061938091
1062373395
1063117612
1064211167
1065619344
1067552618
1068586443
1069534270
1070334521
1070880935
1071172887
1071629145
1072223806
1072348777
1073028974
1073249579
1073932448
1074472527
1074560967
1074891000
1074905916
1074945549
1076108141
1076475860
1076757779
1077134145
1078159786
1078289905
1078422235
1078898821
1078991287
1079082038
1079191532
1079293931
1079601920
1079862917
1081238194
1081427383
1081436986
1081507837
1084808896
1089088209
1089199089
1089811668
1089835428
1090401214
1090517374
1092636174
1092787611
1092977724
1095561957
1095673530
1095892716
1096301884
1096380325
1096425667
1099571725
1099578820
1100404580
1100526284
1100582912
1101353826
1102355377
1102810480
1105712272
1106788535
1108250470
1108451209
1109227238
1109561198
1109616935
1110544863
1110800547
1111020394
1111129690
1111217833
1111376464
1111462924
1113431376
1113542619
1114863214
1116969804
1117215061
1117692076
1119207075
1121867042
1123153186
1123292314
1123807246
1123922119
1124242187
1124264264
1124881628
1125628386
1126719400
1127134838
1128435765
1129461439
1129594297
1129880011
1129943371
1130006237
1130079035
1130151305
1130265650
1130291852
1130300630
1130396462
1130557172
1132464607
1136855525
1137963006
1139921327
1142195558
1142665973
1142729729
1142849882
1142938751
1143392799
1144435897
1145522687
1145660957
1145940929
1146100089
1146863610
1147148368
1147353661
1147358116
1147471240
1147719862
1147935055
1148169356
1148250536
1149274824
1150275715
1150582648
1150637956
1152079926
1152557007
1152637395
1152643665
1152803814
1153084777
1153389961
1154206547
1154264330
1155053064
1155077088
1155428703
1156219648
1156579447
1159262647
1161506121
1161523347
1162661320
1163159984
1163182754
1164567501
1164840114
1167904629
1168033231
1168727617
1168789591
1171539220
1171658812
1173226776
1173271689
1173415338
1173615747
1173679734
1173691779
1173797379
1173873312
1174074019
1174125928
1174244068
1174356994
1174430683
1174630069
1174857241
1175173580
1175289740
1175319440
1175684453
1175704913
1175790911
1176886875
1177702471
1178305382
1178386298
1178466851
1178515856
1178567105
1178692241
1178699930
1178766293
1178876612
1179012012
1179140580
1179261228
1179461703
1179482592
1179645150
1179892452
1180866514
1181151503
1181353265
1183691845
1183885324
1183971256
1184230307
1185405273
1185719763
1186121902
1186212322
1186221496
1186279939
1186484539
1186486618
1186614361
1186720489
1186722997
1186781440
1186991155
1187790152
1188342276
1188412665
1188515757
1188713592
1189263505
1189633468
1190303270
1191029040
1192242748
1192542751
1193056760
1193078342
1194144837
1194340362
1194491535
1195171699
1195436524
1195491667
1195630729
1195884433
1196236313
1196244926
1197368808
1197455565
1197471042
1197869022
1200137907
1201475959
1201906510
1202103059
1202218229
1202408144
1202774279
1202946671
1203294822
1204679338
1204812559
1205012276
1205039666
1205899217
1205914463
1209574332
1209829092
1210504702
1211448602
1211926541
1212795762
1212929577
1212971619
1213659241
1213807741
1213979143
1214446325
1215699336
1216525624
1217362340
1217973368
1218244992
1218460053
1218823416
1219057189
1220111243
1220321882
1221098802
1221194634
1221278421
1221476883
1223307956
1223645282
1223741477
1224263736
1224301191
1224369534
1224640563
1224739728
1224795267
1224886413
1226901230
1227013233
1227115599
1229102861
1231496452
1231898722
1234089463
1234727419
1234836385
1238162096
1238375771
1238507606
1239778074
1240092466
1242469128
1242785202
1242997095
1244853611
1245619806
1245628914
1246571725
1246659076
1246713031
1247151767
1247254826
1247319143
1247511467
1247553278
1248323400
1249912483
1250987525
1251134937
1251608553
1252631059
1256885456
1257020922
1257182655
1257245157
1257300267
1257371745
1257427416
1257590469
1257668283
1257725340
1258153879
1258977658
1259021219
1259615285
1259732831
1259832095
1260007557
1260128238
1263635217
1264149523
1265446556
1265534963
1266025608
1266896808
1267266904
1268000891
1268524403
1268818961
1269111738
1270808170
1271412533
1271413688
1273298221
1275735669
1275773190
1275783189
1275970761
1276479424
1276723360
1277092829
1278402303
1279116094
1279385176
1279736659
1280206580
1280410784
1282535656
1282559218
1282885027
1283621852
1284373890
1284603372
1284927135
1287202191
1287297198
1288310827
1289980793
1290625548
1291760518
1292703230
1292800448
1292825528
1293560670
1293927531
1293980100
1294542850
1301041712
1304332607
1304451374
1307096063
1307101904
1307417516
1307866382
1308025608
1308090882
1308251229
1309205095
1309210309
1309404085
1309922383
1315228030
1315300201
1317207471
1317622446
1320357852
1321572088
1321668316
1321851202
1322026961
1322040656
1322335016
1322913011
1322952347
1322974061
1323047685
1323261129
1323863610
1327190410
1328457149
1328607101
1329534402
1330399564
1331262977
1331504603
1331575190
1332923769
1332972477
1333246345
1333426360
1335432036
1337081642
1337272118
1338304491
1339339669
1341425634
1343176286
1346204633
1348997293
1349435303
1351078375
1351876711
1352315810
1353534666
1354937563
1356830346
1359892518
1360184932
1360367818
1361093093
1361357390
1362205557
1363906906
1363972312
1364080520
1366463155
1366509289
1367625581
1367755535
1369532851
1374300531
1375363066
1375584793
1376530475
1377777348
1378630762
1380976371
1382531531
1385389169
1385641619
1385723756
1385927267
1385986040
1386342870
1386699138
1389275748
1389539979
1390349899
1390571824
1390979011
1391623007
1391803814
1393638088
1393640167
1393846846
1394023364
1394691647
1395446490
1397877701
1398891231
1400019470
1400112629
1402236940
1402375705
1402398244
1402711645
1403169686
1403268356
1403574497
1403661914
1403739464
1404734514
1404763851
1404839091
1404901527
1404927762
1405101706
1407380820
1408682308
1408710754
1409253869
1409520740
1411092631
1411595353
1412682572
1413249084
1414322509
1415427581
1415771111
1419581625
1419939840
1421214797
1421261822
1421405273
1421697026
1422113685
1422552717
1423589479
1423986337
1424068640
1424198990
1424428703
1424799755
1426162855
1426329208
1426453981
1426625218
1426841269
1426896544
1427031218
1427520212
1427619146
1428030030
1429548097
1430825693
1431475761
1432041811
1432062007
1432518562
1432809292
1432846417
1432950169
1433150513
1433235521
1433588852
1433798369
1433911691
1434059631
1434840972
1435052074
1435309969
1435412863
1435722370
1435843381
1435882057
1436223476
1437753786
1437938124
1439888855
1439955614
1440290664
1440561627
1440836913
1441006336
1441544632
1441751245
1441823548
1442247830
1442470250
1443034914
1443266145
1443848133
1444006534
1444213444
1444290400
1444602481
1444833844
1444970959
1445655710
1445861762
1446609642
1447146718
1447680988
1448069465
1448182589
1448351219
1448449295
1448982344
1449939939
1450035178
1450361053
1450899415
1450928323
1451054648
1451186054
1451269280
1451428142
1451567105
1451596277
1451759957
1451836946
1451876546
1452112332
1452269181
1452565587
1452678084
1452829785
1453894927
1453904596
1454275484
1455233343
1455269511
1455475464
1456345675
1456468435
1456596673
1456857934
1457480678
1458965613
1459014520
1459494802
1461439329
1461605781
1461853347
1461917301
1462205359
1462547173
1462551562
1462696168
1465126324
1465786126
1465992706
1466058311
1467194304
1467672342
1468635547
1468962148
1469186186
1469751839
1471019041
1471568689
1471606078
1472473781
1472583077
1474264066
