241578589
242007326
242508926
243278454
243413193
245365013
245700953
247890076
248008844
249302280
250079266
250400719
251032934
251493977
252573837
254123222
256774114
257322872
257686829
258604494
258953139
261268851
261287232
261808071
263168069
268105963
270939543
270957429
271086229
271278289
271394581
271523380
271652839
271747021
272035970
272391644
272453651
272482856
272674751
272820116
274499884
274729069
275144540
275954591
276416196
277329637
277427284
277636042
277725670
278753720
278908820
279065109
279150711
279826287
279919116
279956670
280244266
280684354
281808368
282106854
283303996
283323334
288650661
291437580
291727782
291800052
293421245
293641355
293718014
294037785
294093918
294385935
294539385
294592284
294977427
295060819
295686829
295730488
296005247
296080619
296489489
297670791
297755370
299338283
300062700
300836748
301636372
302735966
302836781
303436557
303464277
303700359
303748737
303762762
304060225
304112167
309333267
312173085
320069300
323064812
326936903
327662343
328424017
332452331
332651189
333500742
333719004
333883839
335471273
335765996
336525756
336901989
337124806
339709797
340210243
340461373
341890208
342168102
342557865
343386826
343461307
343564432
343602184
344096624
344412434
344540870
345684882
346507804
346771375
346849684
347439395
348325182
348975117
349558459
350485364
350542751
350710193
350978219
352522258
353288420
355606507
355759858
355994554
358480513
360030657
360741411
362501369
362527934
363231891
368709500
370617991
370672243
370988482
371537075
371784476
372489819
372525459
375248622
378203973
378315711
378330462
378334026
378340362
378352308
378375045
378384978
378412236
378443289
378462330
378475761
378539220
378566445
378580140
378660000
378678414
378769626
378784872
378845163
378972972
379080883
379107448
379186252
379231726
379241824
379274824
379353562
379545127
379606309
379668382
379857769
381208956
382098109
382367488
382407484
382819258
383051348
383980364
384896313
385295350
385385407
385696795
385893805
386175725
386583539
386714912
386911856
386980595
387515493
388256674
388437877
388606375
389218757
391654159
392217998
392627957
393258291
393528924
393746625
393990066
394149160
394200013
394243837
394299970
394355575
394459888
394545325
395705903
395824934
395922185
396003696
397142494
397196350
397217998
397470844
397558129
398465531
398624195
399308352
399966471
400496353
400641652
400707883
401359469
401445368
401644886
401689205
401703560
401810381
401899745
402294261
402355245
402786324
402794673
402813219
402826914
402835098
402863280
402878526
402896577
402945285
402956373
403006204
403025278
403041349
403056133
404072963
404114279
405497838
405950334
406759429
408041580
409118734
409213873
409693693
409794178
409859650
411598950
411657459
411705606
411814011
411856218
411936045
411963633
412050028
412193380
412221430
412245124
412453585
412484539
412569811
412606507
412622215
412823779
413023298
413425106
413568392
413728409
414207075
416682374
417205425
418111012
418281589
418401379
419334719
419347853
419375078
419390093
419399597
419460086
419471339
419499092
419528627
419543807
419564168
419625218
419639078
421961092
422088935
422399927
422458535
422494241
422534699
422624129
422799986
423004785
423068475
423125235
423162228
423306207
423380985
423513480
423643170
423708906
423943008
423951291
424005049
424026367
424069399
424183447
424203115
424229416
424417153
424509256
424606243
424642312
424819951
424870375
424973566
425957594
426036432
426330363
426641388
426725472
426795399
426870309
427039765
427145926
427285681
427307791
427570372
427665709
427739794
427811668
427897963
427999471
428035145
428081642
428248589
428400422
428532554
428609345
428659802
428754578
429099231
429427119
429438207
429543972
429670560
429889482
430029238
430149028
430224994
430462330
430685410
430715572
431195195
431393591
431530343
431538560
431656502
431875556
432124839
432287265
432889944
433082830
433311487
433345543
433481305
433559449
433586707
433636504
433824010
434238425
434667920
434753258
434818367
434925320
435261162
435470844
435813813
436074316
436155958
436364254
436571362
436653433
436975381
437219681
437338283
437433719
437519981
437679404
437716364
438170940
438269115
438383988
438490974
438618849
438718080
438783750
438856482
438914925
438993597
439044187
439380391
439659274
440070422
440118569
440177771
440260304
440334290
441320430
441423852
442583539
443502359
443673860
444513777
445190806
445416625
445850542
447071742
448861432
450004059
450007260
450102663
450566247
451015081
451142329
451278652
451340692
451486189
451492096
451672903
452154143
452524271
452948486
453193149
453817278
453986304
455027027
455531135
457490050
457606045
457720621
457789327
457996930
458197439
458307362
458345477
458410586
458426855
458483747
458785268
458915090
459057915
459145035
459576345
459797676
459983631
460840807
461280830
461900570
462864270
463736098
463803550
463835791
464511005
464599643
464657162
465441738
466815694
467002079
467810876
468677061
468960630
469053658
469205392
469549780
469940863
470950268
471119856
471385770
471554664
472713889
472866415
473985347
474056397
474289080
474374517
474497838
474623964
474845427
474925716
474934428
474942150
475015180
475217305
476186879
476740751
477120549
477333861
477465531
477715836
477802890
478179718
479164109
479413061
479572979
480036531
480648483
480819753
481045144
481149094
481514008
481818598
482121737
482475794
482740322
482841863
482901956
482937827
483017226
483204435
483572022
483622215
485191862
485661980
485975381
486257466
486284625
486504966
488016863
488832359
489480810
489653631
490521433
490649440
491026466
491984456
492190047
492276837
495641289
495889350
496355971
496402963
496615648
496716892
496954591
497030624
497583242
498130317
499212817
499321453
500326700
500489918
500553608
500936606
501143616
501782727
501835164
502273966
502482790
502499323
502640101
502691251
502784443
502837309
502944427
503018051
503160809
503191994
503239811
503304524
503582912
503644325
503862686
503924561
504085866
504184635
504195591
504280269
504437910
504505296
504551166
504602118
504697785
504838134
504952908
504976305
505025674
505075009
505158235
505502260
505573738
505625581
505689568
505764016
506026763
506104544
506178794
506347259
506391050
506478698
506593571
506795663
506887007
507534996
507719202
508048840
508112761
508136851
508480480
508490611
508562749
508692175
508759231
508811404
509080817
509108867
509126819
509233871
509332970
509473748
509854007
509946539
510274725
510539517
510951126
511047190
511399795
511503283
511613074
511853149
512576411
512877965
514164769
514357621
514436854
515355641
515478764
515791406
516074151
516396264
516506253
516881628
517216282
517380688
517541959
517815793
518005874
518094116
518311751
518337458
519669537
520036696
521431871
521979638
522081972
522531663
522785796
522887667
522902682
524268488
524944922
525006105
525217668
525338151
525459756
525525096
525597201
525795201
526540243
526600435
526916080
527583968
527845394
527915024
528115401
528486552
528583473
528633864
528729762
528798699
529455961
529839388
530162129
530182325
530232122
530579183
530729069
530781836
531520311
531679635
531756195
532070620
532169719
532218130
532299145
532661518
532918093
533513084
533576279
533926838
534085866
534181500
534247566
535102300
535964326
536269973
536355080
536621951
537017457
537116919
537700128
537847935
537945384
538079629
538475761
538617991
538659043
538856449
538898755
539011319
539187143
539457149
539504174
539584892
539643500
539731577
539958320
540243903
540322806
540495165
540549879
540666633
540686928
540756162
540883905
540943074
541107646
541143880
541195393
541298518
541429264
541491700
541538725
541632610
541759957
541841104
542356499
542468864
542538131
542657129
542912747
542993432
543136059
543279411
543341979
543614130
543818466
544400059
544568524
544646338
544699798
544787875
544872916
545032604
545190113
545371910
545455730
545490248
545836748
546120846
546228657
546274758
546316635
546392568
546466653
546550077
546627924
546703065
546831996
546875292
546972114
547057915
547100914
547294525
547361548
547493911
547499323
547574167
547739167
547765897
547865590
547944955
548016038
548110418
548174108
549781638
549883740
550069069
550442893
550529749
550913308
551110220
551267828
551336963
551450615
551689106
552118371
552198495
552314853
552405042
552532323
552666006
554596673
554945483
555215292
555512754
555671154
555966768
555980727
556948618
558030921
558200310
558401082
559096987
560133716
560595485
561553014
562431871
562849882
562943767
563009108
563372141
563511698
563927102
564543939
564593406
564679140
564960399
565032736
565097119
565175692
565321915
565997062
566663102
568721974
569256476
569665544
572189816
572560208
573167211
573187704
573683067
574332442
574525393
574599478
574628551
575723030
576077616
577602415
580065373
580071016
580280434
583317229
584727683
585453948
587202422
587498003
587916443
588511632
588729366
589728772
589763983
589945516
590008283
590051942
590686202
590932481
591152922
592075405
592484671
592952413
593367950
593987921
594503745
595168201
600542388
602308187
602364716
602370095
602595551
602653400
603982773
604266838
605819225
607611490
607702702
608021153
608221397
608570438
608642147
608879450
609135465
609222222
609658086
609818466
609916509
610627726
611983136
612021945
612061743
612479028
612911592
613064383
613209913
613415833
614569118
614944229
615054054
616078276
616207999
616283074
616320199
616380094
617099231
617571065
617855525
618225654
618349899
618422202
618442266
619460845
619633567
619769659
619820677
619822690
619937563
620206811
620217470
620816585
620847077
620942843
620957891
622619443
623113751
623276969
624150447
624437349
624627594
624831369
624841302
625103587
625386001
625610929
625775698
625833217
630501831
631223872
634410520
634850575
635218097
635475035
635994356
636083754
636392106
636648120
636968484
637087747
637476850
638598125
639430815
639451671
639539484
640983631
641697950
641885456
642179256
642324027
642441903
643458271
644386496
644446787
644897501
644949377
645077418
645506451
645933933
646851499
649547437
649740388
650749232
651072534
652605253
653009141
653173085
653573804
654197736
654633468
655134211
655539946
658029733
658735009
659743490
661322509
662681054
663141438
663215721
663438570
663939345
664005049
664041283
664546777
666157542
666882288
667125103
667506352
667628980
667644127
667692802
668358644
668524733
668703494
668756855
668957000
669421707
669508002
669694584
669754611
670035211
670184635
670960036
671400884
671509685
671777711
672061908
672387783
672589545
673309573
674020790
674142956
674780714
675945747
676314820
676593109
676690360
676728607
677459030
678191664
678694221
679562155
680639474
680879450
681282546
682952446
683330693
683492591
683648219
683682176
683690360
683716232
683725934
683872982
684361515
684387618
684435897
684468996
684510279
684536382
684653334
685162954
685241956
685306075
685407022
685442464
685513579
686205722
686456192
686600864
686835395
686930930
687058872
687126753
687839421
688157113
688529914
690364452
690412962
690537669
690966207
691122892
691900966
693117084
693337656
694972774
695845196
696052338
696241560
696353232
696370458
696571032
696666930
698448569
698598224
698922911
699559383
699910338
701291357
701708741
702496749
702582813
703337623
703376596
704895521
705373032
707819621
709924264
711479985
712497244
713431607
713978153
715255486
717006666
719219252
720353496
722621291
723318648
723387354
726378609
726441738
726463287
726522885
726708345
726759462
726767382
726772860
726776952
726788898
726831567
726837903
726918918
726927564
726940599
727286209
727393096
727709566
727822393
727826683
727932019
727939345
728037125
728176946
728197043
728232980
728273504
728284262
728335247
728363693
728383658
728408672
728556248
728576873
728601326
728633501
728693759
728746196
728757878
728782694
728816585
728845328
728955020
728971883
729038247
729080553
729141900
729939213
730018447
730049269
730113421
730134673
730181995
730193809
730400290
730467643
730702438
731100023
731533379
732722535
732765567
733449757
733587037
734866811
735117348
735178002
735277299
735419694
735552123
735616143
735705540
735769362
735903111
735954558
736160512
736191763
736219351
736250074
736303666
736401016
736413886
736497244
736544500
737140580
737505461
737876249
738057618
738168366
738434346
738567600
738733986
738850806
738984885
740375078
740863709
741926343
742272250
742377850
742594726
744269511
744389829
745136587
746694452
747231330
747403260
748371811
748460812
749255123
749452199
749485364
749595320
749830907
750116457
750141174
750807279
750877899
751073260
751952347
752075999
752088374
752143517
752264231
752298353
752319935
752375177
752549186
752844305
752994719
753431310
753611820
754338646
754391611
754742500
754878988
754972147
754991683
755016995
755030525
755700689
756105897
757905982
757919644
757993927
758149754
758509784
758571956
758788469
758823317
758970002
759277431
759472230
759700491
759788964
761769527
761832755
761885291
762008811
762106359
762200343
762247830
762306801
762402105
762473484
762536118
762561891
762661551
762836385
762897963
763032505
763281688
763931986
764055341
764267828
764361845
764455565
764559713
764586476
764659208
764699270
764814572
764856350
764908292
764946374
765052998
765151107
765197835
765300300
765369204
765384153
765494208
765538065
765583374
765650925
765683496
765706596
765722832
765765534
765780648
765984951
766139359
766165990
766191532
766224631
766302775
766606408
766825330
766922020
767564333
767712635
767737517
767775995
767854337
768065406
768121341
768264297
768274197
768368016
768410355
768457776
768476058
768497442
768562089
768716133
768816222
768868824
768968055
768994653
769201960
769277035
769398871
769466686
769517836
769689007
769696465
769710127
769835593
770206679
771487344
771983235
773252186
773371448
773385506
773446226
773646008
774051150
774061380
774129987
774164967
774266409
774279939
774315876
774525855
774613998
774890406
774941259
775008943
775062865
775107019
775161799
775235719
775348546
775869055
776059895
776122166
776124872
776188100
776198792
776273603
776366069
776778932
776838200
776920799
776948222
776974325
777020922
777035475
777080289
777377784
777829587
778040524
778193677
778431871
778508629
778562551
778738342
778875358
778886083
779054483
779186483
779488235
779805134
779939708
779961686
780449823
780700755
780810645
780826881
780883245
780900141
781074184
781115632
781397254
781577764
781700986
781875853
782302247
782397848
782534699
782895092
782939840
783270501
783272349
783305118
784228096
784321288
784399300
784449262
784465894
785158268
785366201
785874038
786148731
786263802
786418935
786423720
786447084
786546414
786608421
786717288
786885522
786950664
786995577
787041316
787121671
787322113
787336699
787428934
787554334
787557172
787693891
787859023
788400356
788512325
788620301
789265056
789367785
789449757
789525228
789574596
789596574
789698280
789715902
789969144
790054120
790084447
790153120
790204402
790299871
790455169
790663894
790815496
791052305
791173679
791472791
791570669
791608817
791712800
791911097
791989406
792175428
792263406
792345411
792371052
792519123
792655149
793494109
793737583
793829818
793918423
793963765
794009372
794139029
794177573
794231033
794383130
794442959
794686730
794912417
795347655
795405471
795441705
795501699
795548427
795963996
796074910
796116325
796207504
796335214
796543741
796661551
796703560
796775005
796850113
796910734
796944097
797062865
797265320
797294492
797309408
797437184
797478665
797503811
797623964
797682902
797783552
797833976
797991881
798137412
798516219
798593868
798701613
798868131
799020592
799106194
799731610
800065571
800222387
800313170
800391017
800600567
800643401
800748440
800996336
801321255
801406296
801525261
801646338
801798963
801842622
801856053
801900174
802011088
802160083
802176913
802253242
802344157
802379137
802484737
802492855
802510939
802604560
803016269
803196251
803325875
803365871
803609345
803690030
803716793
803769131
803910338
803939411
804051117
804150216
804229713
804386991
804503910
804551661
804799986
804965679
805166221
805321189
805407649
806322542
806454047
806529650
806626604
806798435
806933174
806995214
807470910
807616209
807686532
807818961
807851631
807950070
808028248
808058806
808244596
808872685
808943008
809069069
809156585
809921030
809970530
810348381
810695112
810731412
810744876
810881694
811231363
811580074
812106293
812495825
812685740
813097152
813292677
813447678
813625185
813823977
814018909
814462198
814626571
814808896
814889713
815273339
816631950
816698313
817231132
817460614
817537438
817621390
817672144
817736230
817884928
818104742
818137577
818201366
818313170
818344718
818544368
818599610
818729762
818767844
818779988
818842094
818931260
819063921
819437118
819655578
819965250
820111639
820350592
820490050
821153219
821763059
821792792
822042801
822159423
822305910
823181665
823502788
823646635
824298320
825097911
825562188
826714252
826949509
827641124
827938223
828013002
828205689
828232122
828479952
828867306
828941160
829240042
829650760
830031878
830137379
830542982
830617826
830652212
830683628
830703593
830839454
830937563
830984225
831129261
831167013
831182754
831289905
831541101
831766458
831806058
831891330
831943668
832386925
832653301
832918324
834014553
834121671
834358710
834757911
835025047
835080322
835179289
835367884
835467907
835589776
836050820
836139755
836174900
836216084
836481404
836548856
836635184
836676071
836921855
837012771
837091080
837184569
837243903
837329670
837374517
837491799
837786258
838028809
838399729
838477774
838727320
839007722
839108372
839285021
839832524
839982707
840382965
840439989
841432267
841571791
841670428
841793650
842032241
842456819
842552816
842628716
842650562
842674850
842710325
842763785
842779394
842786852
842851433
843027225
843196977
843252516
843310365
843403128
843582582
843700359
843763983
843787215
843911526
843952314
844026466
844066693
844067914
844142329
844238359
844514602
845018711
845297066
845417054
845591954
845668448
846253704
846484407
846667392
846736626
847759000
848032076
848414909
850584265
850598521
850605154
850614922
850642708
850653499
850703164
850716826
851091443
851363759
851400389
851466191
851842127
851923241
852107910
852400983
852526977
852610269
852661221
852796455
852956901
852982806
853227073
853534864
853596376
853918192
854871233
855121770
856164571
859320166
859384252
859732171
859771804
859981453
860045276
860143451
861453783
861661551
861691449
861805101
861883839
861905487
861958584
862142296
862272547
862364914
862692307
863049467
863112233
863148764
863464607
863510873
863535557
863572616
863598422
863658713
864055209
864151437
864231165
864362109
864387519
864501468
864541959
864630729
864880110
864910569
865195360
865264924
865470745
865806685
866479028
866672078
866794376
867401313
867612348
867706101
868118470
869494274
869557403
870066495
870130548
871653235
872247896
873151239
873311619
873686961
874727881
874828861
875037752
875204468
875414942
875498498
875541530
875581163
875723195
875852555
875900801
875957627
876002310
876065373
876071577
876533247
876682539
877867801
877942777
878061611
878770781
879694815
880395142
880765666
882473022
882541860
882610599
882663696
882672243
882750684
883035409
884688545
885076923
885144342
886953337
888416097
888465234
890093060
890155463
890181896
890260799
890311289
890420354
890566247
890615219
890839421
891007128
891154803
891198396
891393756
891427614
891532158
891661386
891934164
891996270
892131373
892196812
892245388
892410256
892453387
892547668
892591921
892760683
892775995
892849618
892904134
893010890
893271227
893297990
893970629
894185295
894266871
894332607
894399498
894446193
894608322
894662079
894720225
894827607
895390852
895665742
895819192
896034782
896051117
896069696
896162855
896480051
896576576
896596343
896622182
896696432
896747054
896837045
896853149
897789690
898279576
898340362
899477444
901858858
901960663
902346038
903026070
903065208
903092235
903239613
903677325
903727782
904008811
904369336
906433818
906796290
906897402
907092532
908263010
908933174
909220308
909724086
910053625
911489126
911675213
911906048
912439428
912735108
912843546
912934065
913041085
914076098
914376398
914879978
915340923
916251163
916392568
916793353
916840972
916944790
917563805
918026862
918136026
918452298
920043197
920409266
920493053
920566445
920606870
920716199
920773124
920966768
921092631
921247863
921750783
921855162
922001122
922212817
922335808
922731214
922758274
922801669
922897600
922963171
923049236
923172128
923550836
923699600
924788304
924873015
925225687
925362802
926000924
926062865
926130416
926235092
926356466
926553839
926584595
926597399
926647592
926694089
926769032
926901197
927011220
927084777
927600930
927622281
927706926
927967362
928101475
928192522
928427779
928521070
928555456
928789690
928862686
928962940
929020130
929097614
929254265
929292347
929488598
929552585
929571428
929943173
930350493
930434610
930552618
930644325
930704583
930748902
930841665
931116589
931209781
931471438
931746394
931803286
931873873
932403524
932780087
933053130
933199749
933320364
933338943
933396132
933459921
934313434
935141339
935333696
935482196
935533841
935591162
935739563
935814473
935859980
935887469
935988977
936008481
936133287
936230076
936457710
936501930
936523611
936605319
936655776
936682869
937138567
937245091
937366366
937605649
937779757
937809820
937862125
937874269
937978087
938029106
938250437
938323301
938378345
938416295
938522621
938613239
938641487
938873378
938976173
939305184
939960003
940095172
940186483
940276771
940401742
940449328
940562914
940638220
940764016
940826188
940877305
940985050
941044253
941240471
941384351
941480216
941560274
941731643
941739167
941927366
942247995
942496782
942836682
942892320
943015444
943077220
943291357
943767118
944167574
944575058
944645018
944756360
944968319
945063393
945145068
945189816
945301125
945412665
945593835
945784080
946022440
946146817
946271920
946304425
946367290
946453948
946594957
946969276
948193050
948320991
948544302
948675246
948755964
948868791
949111309
949188034
949252582
949336798
949409893
949547305
949705309
949731016
949772728
949814077
949872751
950741345
950804804
950915156
951905652
952028116
952099759
952203709
952314193
952367488
952421608
952469458
952783123
952867504
952890043
952914760
952916542
953343332
953500247
953531762
953562056
953773652
953843777
954011814
954055704
954129492
954166485
954327360
954968220
955097647
955488829
956754578
956884598
957706266
957995643
958767349
959277662
959463221
959515592
959714945
959908193
961621654
961717156
962885027
962962280
963179289
963442398
963489588
963665247
963703923
963894267
964006864
964200739
964316173
964385836
964506550
964589380
964652146
964899283
964981915
966113124
966163020
966243144
966315513
966446127
966565059
966670461
966755007
966769593
966831138
966996138
967078870
967259182
967358875
967440220
967557436
967607497
967637296
967685245
967724911
967755733
967860475
967914760
968039105
968126324
968192885
968246246
968322080
968358116
968440880
968530739
968647757
968682176
968809655
968879285
968969903
969095304
969349635
969684024
969844371
970012837
970250932
970465399
970604395
970658680
970765666
971000858
971105567
971650331
971945681
972787380
973004356
973021714
973035838
973323598
973444378
973538164
973789789
973856119
974280962
974424149
974536712
974575619
974684123
974782331
974915057
974925848
975655050
975678579
976181632
976559482
976780681
976875556
977295581
977347985
977476421
977785235
977862851
979145992
979332442
979459030
979512193
979549846
979624954
979687291
979723690
979759000
979834768
979862356
979919083
980030822
980209088
980253935
980460977
980589677
980675279
980838233
980910437
980957792
981075174
981238458
981277926
981407583
981546810
981617628
981683793
981739398
981888888
981964689
982091575
982141933
982177705
982236544
982284691
982319704
982380358
982433125
982478731
982530178
982595815
982651090
982695442
982792066
982819786
982901131
982989076
983452892
983589974
983618057
983627429
983661716
983720588
983743853
983778602
983909777
983923175
984129723
984175857
984200145
984234498
984292413
984326964
984335610
984343299
984515658
984667359
984750651
984893508
985107151
985210375
985307758
985353430
985479688
985671352
985683463
985941655
986054120
986117315
986234894
986295977
986358413
986485727
986549978
986755568
986858825
986947661
987043494
987265881
987281655
987379368
987481074
987610896
988183777
988336369
988675444
989319308
989381381
989637065
990218361
990627066
990676665
992371778
992434115
992585717
993780153
993959343
994195921
994508596
995897996
996666864
997953766
998143055
998308451
998379599
998500643
998784410
999171237
999208758
999254793
999404349
999433323
999515724
999733953
999809655
999887832
999919281
999966372
1000082566
1000090651
1000119460
1000223575
1000238062
1000290367
1000314457
1000416196
1000432960
1000588159
1000648384
1000732039
1000839817
1000878658
1001028974
1001447513
1001536448
1001587928
1001718608
1001784311
1001831567
1001869979
1002019965
1002054186
1002108867
1002143715
1002223476
1002290763
1002344949
1002372009
1002406923
1002428769
1002439065
1002486882
1002556545
1002592218
1002688446
1002708411
1002724680
1002738210
1002820974
1002832161
1002860706
1002920931
1003034815
1003070455
1003104247
1003201564
1003294294
1003377322
1003427746
1003454938
1003574002
1003612843
1003632577
1003653103
1003691350
1003834702
1003953403
1004133848
1004250437
1004315612
1004385539
1004458436
1004503184
1004735339
1004804507
1005108570
1005991320
1006044781
1006898854
1006938322
1007515064
1008079893
1008391809
1008493713
1008603966
1008802791
1008892980
1009121902
1009221661
1009529485
1009627264
1009737022
1010106821
1010166122
1010438405
1010615021
1010761310
1010821502
1010955284
1011303336
1011513315
1011635580
1011687819
1011755271
1011766920
1011825726
1011917664
1011945780
1011959739
1011987261
1012020361
1012102036
1012201564
1012217734
1012227964
1012283569
1012318978
1012359172
1012539385
1012779922
1012837111
1012883476
1012901527
1012953304
1012975315
1013086262
1013176715
1013196548
1013246444
1013327228
1013901494
1014134112
1014142890
1014182754
1014192390
1014215028
1014225456
1014257598
1014284988
1014375969
1014569217
1014648384
1015928059
1015967395
1016140745
1016241659
1016369501
1016415998
1016490644
1016528363
1016572418
1016586773
1016741312
1016790515
1016807378
1016870936
1016955977
1017158499
1017192984
1017234102
1017296868
1017332145
1017414909
1017474936
1017572352
1017580965
1017657888
1017883344
1018056166
1018265254
1018426030
1018512688
1018642642
1018680460
1019070950
1019134079
1019239514
1019568062
1019752697
1020050589
1020393888
1020593373
1020641652
1020680460
1020709170
1020727386
1020774642
1020909315
1020931326
1021024948
1021248424
1021317427
1021715737
1021811536
1022154704
1022209253
1022307395
1022562683
1022649704
1022740454
1022826320
1023019239
1023028545
1023157641
1023261063
1023522654
1023605583
1023673167
1023722535
1023927234
1024115203
1024177804
1024194403
1024216183
1024238524
1025424149
1025470316
1025905058
1025989076
1026163152
1026209319
1026501600
1026604857
1027760683
1027827145
1027950169
1028011055
1028058311
1028124344
1028197373
1028512886
1028796719
1028860541
1028880011
1028934131
1028957693
1029114048
1029144903
1029171006
1029236940
1029257862
1029279081
1029306438
1029374088
1029508992
1029824571
1030079497
1030178200
1030247434
1030380160
1030426558
1030640662
1030861300
1031093390
1031389763
1031521631
1031641190
1032052371
1032075801
1032138798
1032225291
1032898755
1033787017
1033884004
1034999537
1036115335
1036146091
1036287925
1036651816
1036761607
1036896346
1037205392
1037302445
1037609840
1038460317
1038501930
1038538428
1038565785
1038717453
1038764676
1038840279
1038874071
1038935121
1038975447
1039000363
1039411015
1039525492
1039730488
1040060786
1040133452
1040352605
1040583440
1040866910
1041143484
1041331518
1041722601
1041965415
1042269214
1043365475
1043417450
1043750420
1043815133
1043989472
1044258093
1044455499
1044495924
1044605418
1044751773
1044800745
1045088836
1045164604
1045278058
1045362538
1045466818
1045619377
1045685212
1045700788
1045720819
1045797247
1045843909
1045961719
1046077451
1046225390
1046238326
1046295845
1046522555
1046641322
1046828663
1047003036
1047059928
1047140811
1047182556
1047264165
1047274494
1047325182
1047373329
1047472857
1047582978
1047754248
1047811833
1048029799
1048152526
1048365673
1048431838
1048610533
1048871299
1048993663
1049115203
1049889449
1050102861
1050261624
1050296505
1050366993
1050569019
1050649110
1050912417
1051689634
1052546150
1052682539
1052872982
1053826221
1053901362
1056389631
1056599775
1056640794
1056897006
1056969078
1057037323
1057055473
1057118866
1057155397
1057397254
1057462033
1057552717
1057589149
1057646767
1057739629
1057764775
1058002838
1058057057
1058380952
1058446028
1058569679
1058691053
1058839916
1058905652
1058970860
1059046629
1059403623
1059478071
1059556116
1059735768
1059959673
1060137775
1060903738
1060948519
1061019041
1061081840
1061568491
1061779625
1061978186
1062386364
1062701382
1062746823
1062763422
1062768009
1062795531
1062821304
1062924693
1062995247
1063091608
1063137412
1063221166
1063270501
1063574464
1063848892
1064129855
1064331023
1064400059
1064478797
1064648747
1064997458
1065184734
1065270534
1065372999
1065495396
1065655314
1065797511
1066108471
1066197472
1066273933
1066600897
1066734019
1067021318
1067202818
1067256080
1067295416
1067359436
1067404679
1067487344
1067496716
1067561990
1067591591
1067672144
1067767118
1067813054
1067865755
1067898326
1067917301
1068126951
1068196449
1068256344
1068434907
1068782430
1069019140
1069259677
1069321255
1070485991
1070659340
1072491403
1072646536
1072714351
1073162261
1073275451
1073298419
1073524073
1073572847
1074039138
1074040656
1074251724
1075139029
1075667755
1075726429
1075935088
1076794475
1078082500
1078337128
1078433818
1078857241
1078947562
1079147642
1079168333
1079246807
1079364056
1079481899
1079536415
1079818433
1079989802
1080012078
1080316800
1080405801
1080462627
1080527538
1080610368
1080697026
1080783387
1081070950
1081161997
1081251097
1081315447
1081492855
1081617034
1081722964
1081760089
1081816486
1082043725
1082547701
1082635778
1082880044
1082956142
1083010032
1083061809
1083171996
1083281886
1083467049
1083810744
1083895620
1083964821
1084121605
1084269082
1084546909
1084757812
1084883278
1084983532
1085050853
1085331584
1085386727
1085545721
1085674817
1085820974
1086119097
1086187473
1086399993
1086694320
1086787512
1086895290
1086963666
1087003432
1087024222
1087063426
1087100023
1087210243
1087294690
1087323895
1087343365
1087393987
1087440814
1087477477
1087533907
1088297264
1088403986
1088917763
1089099693
1089203115
1089345312
1089543675
1089631356
1089760419
1090348909
1090803187
1090941490
1091625878
1091816321
1091941325
1092216381
1092376431
1092513150
1092806025
1093110154
1093477444
1093481272
1093498003
1094119262
1094209880
1095315975
1095432432
1096185592
1096698643
1096727386
1096949014
1096981354
1097313698
1097720027
1098144375
1098232518
1098760089
1098857274
1099233706
1099299607
1099380853
1099845196
1100028248
1100209946
1100481206
1100651552
1101003036
1101044979
1101370491
1101447315
1101564828
1102302115
1102553509
1102697719
1103499983
1104028644
1105079992
1105109461
1105138369
1105258093
1105329274
1105410817
1105530838
1105620334
1105681450
1105853545
1105996996
1107132561
1107281853
1107411642
1109463122
1109782760
1109838860
1110255651
1110553707
1110628221
1111054318
1111215259
1111381480
1111977559
1112328713
1112400620
1112470019
1112787941
1113333201
1113498366
1113563508
1113717717
1113793287
1113913143
1114120648
1114278751
1114566247
1114640695
1114916014
1115023331
1116017721
1116178596
1116391578
1116394482
1116418836
1116445533
1116486156
1116540936
1116587136
1116722568
1116808434
1116826089
1117168234
1117309111
1117509949
1117703461
1117802956
1118112002
1118212454
1118250305
1118321057
1118406065
1118480348
1118735636
1119198132
1119298320
1119343761
1119529914
1119964590
1120104907
1120175164
1120239415
1120296373
1120350955
1120437778
1120523842
1120692868
1120802164
1120984654
1121008382
1121100353
1121168300
1121211959
1121288585
1121384219
1121472857
1121510939
1121975381
1121990429
1122156948
1122467643
1122516384
1122573837
1122595947
1122612018
1122637461
1122652113
1122906312
1122937035
1124071346
1127893574
1128100617
1128389796
1128861168
1128979011
1129083061
1129233376
1129476091
1130473649
1130558690
1130647229
1130809259
1131109494
1131438603
1131590997
1131661023
1131692901
1131780384
1131828201
1131912813
1132018711
1132073128
1132149754
1132222750
1132307230
1132351912
1132379731
1132531531
1132579942
1132645117
1132746229
1132822393
1132918555
1132943833
1133164076
1133215028
1133251625
1133388443
1133431310
1133483318
1133672276
1133851763
1133921492
1134019470
1134042306
1134179883
1134424479
1134529287
1134847638
1135370920
1135685872
1135754512
1135840609
1135910536
1136038577
1136119328
1136179091
1136262317
1136309672
1136341253
1136503250
1136552948
1136593802
1136692538
1136759000
1136788040
1136799623
1136858759
1136917565
1136975942
1137054021
1137071478
1137199287
1137289971
1137314589
1137327558
1137348975
1137398112
1137469029
1137500412
1137526251
1137613074
1137632808
1137645876
1137846549
1137905223
1137975777
1138018348
1138037983
1138102432
1138142725
1138196482
1138265947
1138339273
1138362967
1138375111
1138654489
1138676269
1138749760
1138799656
1138807675
1138901329
1139327888
1139439890
1139443487
1139523017
1139652575
1139745371
1139853776
1139926772
1140027786
1140110154
1140204831
1140240900
1140352242
1140650034
1140711216
1140763884
1140829026
1140859320
1140893442
1141013728
1141432399
1141527439
1141588159
1141614526
1141661980
1141699633
1141763389
1141929214
1142063228
1142124938
1142253803
1142330462
1142474870
1142516978
1142910305
1143138237
1143190806
1143297297
1143386067
1143521301
1143741642
1144109494
1144268059
1144492954
1145466719
1145503481
1145553443
1145602811
1145959178
1146121836
1146507474
1146612150
1146742104
1146794244
1146852522
1146978186
1147188034
1147293205
1147616440
1147730224
1147912879
1148074877
1148322443
1148425073
1148470283
1148700755
1148877536
1148906345
1148926673
1149141801
1149410388
1149505560
1149547272
1149637725
1149753885
1149872289
1149999372
1150103521
1150221760
1150432696
1150448701
1150594198
1150712272
1151375837
1151500973
1151539253
1151738870
1152534798
1152781374
1153146619
1153162360
1153281325
1153545028
1153633798
1154326007
1154376464
1154473055
1154593736
1155058146
1155194073
1157066957
1157847572
1158290433
1158404217
1158484671
1158513711
1158535854
1158540045
1158561297
1158592350
1158614988
1158630795
1158656370
1158735240
1158763653
1158817641
1158850410
1158877305
1158903375
1158944526
1159091839
1159143781
1159329505
1159362571
1159626208
1159807114
1159885786
1159980661
1160142098
1160187968
1160193908
1160338514
1160446787
1160518727
1160726033
1160890670
1160945384
1161051513
1161080124
1161119031
1161175824
1161224994
1161379665
1161397485
1161568821
1161716496
1161726099
1161860244
1162121242
1162209253
1162382239
1162614658
1163156552
1163547371
1163626538
1163652443
1163951126
1164401907
1164896940
1164995808
1165157905
1165564267
1165622809
1166470382
1166937629
1166979176
1167357489
1168020097
1168672606
1169141372
1169213675
1169281985
1169293337
1169302742
1169314226
1169322608
1169440385
1169500544
1169515097
1169524370
1169529254
1169540540
1169552090
1169561363
1169581130
1169661716
1169668745
1169684255
1169772827
1169816387
1169865326
1169901527
1169930402
1169993927
1170207735
1170374253
1170559713
1170624591
1170689502
1170746064
1170790284
1170867636
1171051942
1171113619
1171250833
1171349140
1171690525
1171987591
1172188925
1172257235
1172374682
1172428967
1172686895
1172714285
1172789129
1172808632
1172850410
1172918225
1173064350
1173225258
1173327657
1173572748
1173986205
1174091608
1174150249
1174536910
1174763158
1174948849
1175110814
1175362835
1175716859
1175835989
1175904926
1176058047
1176205194
1176288354
1176336732
1176392568
1176572616
1176687390
1176711744
1176944328
1177168399
1177289212
1177475035
1177536448
1177585024
1177765930
1177918885
1177995412
1178045078
1178155034
1178224928
1178263208
1178336501
1178414612
1178448635
1178569679
1179024816
1179112893
1179407418
1179708774
1179800019
1179861531
1180048774
1180101706
1180191895
1180243540
1180463353
1180617496
1180712437
1180734415
1180817146
1180880572
1180931986
1181015972
1181033132
1181085536
1181116127
1181193380
1181241791
1181273306
1181328086
1181455598
1182017490
1182086163
1182305976
1182376332
1182488169
1182586773
1182686565
1182720225
1182792396
1182851631
1182970530
1183187143
1183298320
1183418407
1183486849
1183515196
1184053559
1184162822
1184465366
1184520410
1184606111
1184781704
1184829917
1184898194
1185226677
1185314622
1185539352
1185600138
1185629145
1185758043
1185802824
1185826287
1186166584
1186303600
1186429990
1186599412
1186797841
1186832524
1187186186
1187424776
1187571626
1187642048
1187751278
1187966570
1188164538
1188242286
1188866712
1189094776
1189182721
1189342639
1189513678
1189586014
1189663993
1189746295
1189857373
1189881100
1189955284
1190266244
1190311520
1190392337
1190420618
1190455235
1190485661
1190506253
1190593208
1190674454
1190765600
1190829587
1190857736
1190928026
1190975777
1190998712
1191129855
1191391512
1191568458
1191657987
1191873873
1192038544
1192284592
1192335907
1192404580
1192728508
1192976800
1193387651
1193460581
1193669372
1193841467
1193870903
1194103356
1194246048
1194312873
1194371283
1194639243
1194699831
1194881826
1195272052
1195292941
1195488037
1195591525
1195793221
1195794607
1196054813
1196238920
1196401412
1196653433
1196785763
1196893838
1196970695
1197289047
1197367818
1197429660
1197495396
1197527010
1197580569
1197595815
1197768405
1198124806
1198259512
1198596376
1198615351
1198757878
1198942117
1199170973
1199244035
1199834108
1199964623
1199986931
1200145992
1200247830
1200491271
1200596937
1200742962
1200802824
1200898260
1200944691
1201186252
1201580140
1201688644
1202136653
1202249909
1202328812
1202470019
1202619806
1202711777
1203072105
1203475398
1203983301
1204040491
1204502689
1204640728
1204731478
1205433158
1205538296
1205646437
1206283701
1206478071
1206502887
1206576576
1206745602
1206764709
1206929247
1206968946
1207252219
1207412764
1207465927
1207503382
1207624987
1207709401
1207795960
1207875688
1207918555
1208157179
1208166716
1208187671
1208246081
1208343596
1208438570
1208482955
1208537867
1208561198
1208576708
1208742137
1208770055
1208889119
1208911427
1209026829
1209086592
1209128271
1209244893
1209376068
1209444642
1209559614
1209698478
1209917862
1210133188
1210199947
1210289608
1210304359
1210351087
1210434907
1210533379
1210615417
1211157443
1211551694
1211856614
1211941292
1211980628
1212188067
1212238194
1212375804
1212402336
1212943866
1212975513
1214086097
1214639507
1215467247
1215525822
1215553311
1215594990
1215877272
1216036564
1216516351
1216599148
1217058113
1217619740
1217872751
1218413523
1218479556
1219272052
1219407880
1221935286
1221958287
1222132924
1222178794
1222409464
1222449856
1222662409
1222711579
1222907236
1223134673
1223494175
1223559812
1223603471
1223629574
1223635679
1223886248
1224086229
1224336270
1224366135
1224518562
1224737946
1225199881
1225316767
1225450417
1225550143
1225651486
1225726495
1225796290
1225867504
1225949410
1226201069
1226340560
1226396594
1226503943
1226551463
1226638715
1226675477
1226740388
1226795828
1226923736
1227024354
1227558327
1227576213
1227709005
1227783519
1227810447
1227888063
1228074316
1228140811
1228202785
1228336468
1228385506
1228446787
1228706761
1228814836
1228906444
1229004785
1229028083
1229078078
1229176715
1229396198
1229579480
1229824769
1229890901
1229909216
1229955053
1230003498
1230072435
1230200970
1230308814
1230423423
1230446655
1230459393
1230471834
1230525327
1230601128
1230634227
1230746262
1230911889
1230932613
1231494538
1231574926
1231702504
1231827277
1231934824
1232043197
1232117546
1232160248
1232178299
1232280632
1232414810
1232466092
1232512160
1232579645
1232589380
1232697818
1233017655
1233092169
1233324291
1233348909
1233421014
1233489819
1233658185
1233750453
1233803484
1233862191
1233962841
1233981057
1234037983
1234115170
1234261030
1234412731
1234596211
1234822987
1234922680
1235030327
1235135168
1235276474
1235289740
1235362472
1235453090
1235475266
1235817872
1235823185
1235885720
1235907269
1235933141
1236053592
1236218724
1236300696
1236830577
1236911163
1237053196
1237134640
1237151008
1237181929
1237300432
1237497310
1237579975
1237659076
1237723888
1237897897
1237969837
1238124905
1238207273
1238240306
1238312345
1238443355
1238461373
1238546711
1238664422
1239054219
1239244563
1239288849
1239321618
1239574893
1239806949
1239833976
1239907533
1240005214
1240144243
1240209286
1240528627
1241015543
1241052536
1241065505
1241148863
1241694122
1241786555
1241996006
1242022077
1242101937
1242149556
1244309936
1244985083
1245838233
1246976503
1247325380
1247424050
1247535623
1248298221
1248577005
1248655347
1249213741
1249351318
1249399069
1249505527
1249580239
1249643830
1249949872
1250227898
1250333861
1250712569
1250835890
1250943272
1251413886
1251691614
1251812625
1251992937
1252213279
1252265155
1252348546
1252388674
1252469392
1252532323
1252584925
1252649506
1252676269
1252924594
1253009273
1253200970
1253364452
1253475233
1253578457
1253724845
1253816717
1253994686
1254058047
1254104808
1254224730
1254292644
1254340824
1254396132
1254511665
1254578655
1254610929
1255032637
1255093654
1255184998
1255220803
1255256146
1256023661
1256104478
1256141471
1256190938
1256401346
1256439296
1256563673
1256641223
1256719862
1256922746
1257195822
1257483285
1257769527
1258801471
1258865128
1259804507
1259958056
1260341550
1260550275
1261036564
1262345939
1264446919
1264936111
1265417351
1265519948
1265589248
1265967923
1266124245
1266301719
1266415470
1266592614
1266621126
1266677127
1266831336
1266966768
1267016170
1267053097
1267061314
1267083325
1267087120
1267096426
1267127677
1267133386
1267141801
1267192852
1267319044
1267334323
1267619608
1267631752
1267958122
1268069465
1268224532
1268975513
1269228426
1270693396
1270700755
1270779955
1270845229
1270904035
1270981552
1271016104
1271042999
1271169224
1271552123
1272145431
1272216513
1272375375
1272450780
1272462099
1272476388
1272536712
1272590403
1272668349
1272759033
1272854337
1272904398
1272956868
1273017655
1273087087
1273124806
1273153054
1273176451
1273185790
1273201762
1273221133
1273280137
1273363165
1273396825
1273432333
1273502326
1273537966
1273573738
1273613470
1273679503
1273701118
1273726858
1273815727
1273881892
1273937266
1274001848
1274043725
1274228987
1274271425
1274285549
1274311322
1274327426
1274389334
1274436854
1274556545
1274574068
1274692934
1274920040
1275001749
1275273768
1275306537
1275365409
1275447216
1275474144
1275538659
1275620697
1275663894
1275679602
1275924825
1275938025
1276021417
1276070917
1276167640
1276211068
1276272679
1276314556
1276449493
1276594594
1276669768
1276704451
1276902649
1276959904
1277035343
1277217503
1277459558
1277649275
1277787908
1278173349
1278241032
1278295383
1278399432
1278437778
1278514734
1278537207
1278636075
1278672540
1278772761
1278835527
1278909381
1279010989
1279126720
1279305349
1279373329
1279378444
1279495132
1279661947
1279763224
1279810909
1279912186
1279965019
1279984126
1280034122
1280291555
1280430782
1280561033
1280772002
1280974952
1281092664
1281203379
1281242451
1281399102
1281462660
1281571956
1281649110
1281697092
1281768735
1281852654
1282140745
1282184338
1282210936
1282247335
1282263010
1282515559
1282565026
1282807147
1282944427
1282945285
1283630894
1283747714
1283782001
1283878097
1283934989
1283956604
1284075999
1284256047
1284324027
1284457116
1284582516
1285102729
1285165792
1285265089
1285379071
1285730158
1285791604
1286151932
1286181566
1286322806
1286361812
1286455400
1286503085
1286512358
1286667821
1286711480
1286832524
1287004983
1287563013
1287598554
1287711645
1287767844
1288125895
1288199485
1288259149
1288590073
1288644523
1288823548
1288852918
1288892749
1289035772
1289181632
1289377817
1289544038
1289712932
1289784278
1290389136
1290446787
1290623106
1290687621
1290739332
1290810843
1290975183
1291206811
1291276243
1291697125
1291827871
1291920997
1292008778
1292399663
1292476949
1292554400
1292604263
1292653796
1293264891
1293300762
1293489621
1293634029
1293902154
1294158004
1294312444
1294627528
1295058806
1295332310
1295406725
1295609840
1295862950
1296237633
1296326304
1296439197
1296548460
1296804276
1297145101
1297174141
1297241296
1297395307
1297502425
1297547206
1297771738
1298020889
1298179949
1298218889
1298253275
1298326898
1298469953
1298609312
1298663267
1298726363
1298745404
1299000495
1299310200
1299385242
1299463155
1299516450
1299534600
1299578589
1299666831
1299673695
1299680526
1299716265
1299818301
1299847143
1299998184
1300013035
1300219384
1300259578
1300303270
1300336303
1301096096
1301138534
1301238854
1301354354
1301423621
1301595254
1301707949
1301783288
1302200937
1302269280
1302354981
1302528858
1302672771
1302793419
1302837606
1302921327
1302940698
1303096558
1303176088
1303716892
1303763026
1304186219
1305150645
1305255882
1305381183
1305717486
1305873345
1306037389
1306080619
1306556347
1306775368
1307019371
1307226908
1307332640
1307656370
1307855162
1307957330
1308276771
1308381777
1308442695
1308555126
1308583275
1309160512
1309212784
1309291984
1309548559
1309790218
1310058047
1311348216
1311585783
1311846582
1312770121
1312908391
1312939081
1313165891
1313623601
1314194436
1314511368
1314986337
1316112563
1316167178
1316239811
1316450879
1316574596
1316665181
1316705804
1316747384
1316902022
1317947133
1318025344
1318368412
1318488037
1318631785
1318647988
1319027093
1319436986
1319933306
1320082368
1320150117
1320403656
1320459921
1320582813
1320698082
1320851433
1320960729
1321034452
1321086790
1321225984
1321303699
1321472494
1321528759
1321783057
1321952413
1322553938
1322603042
1322852258
1323102894
1323331947
1323574530
1323824604
1323872091
1323976668
1324304854
1325057981
1325417219
1325861003
1325938388
1325939609
1326051942
1326229878
1326330924
1326428043
1326539517
1326640332
1326790713
1327281589
1327381117
1328326667
1329683826
1331120549
1331339768
1331343002
1331459987
1331576576
1331867471
1332009042
1332022341
1332121836
1332123321
1332976173
1334032076
1334241428
1334380655
1334483285
1334917895
1335027093
1335334620
1335518364
1335799524
1335801438
1336263010
1337099297
1337427515
1337705342
1338036663
1338564366
1338736593
1339094776
1339735240
1340041679
1341514569
1342056265
1343977955
1344054483
1344255816
1344446127
1344634953
1344723756
1344809127
1344899118
1345157047
1345365904
1345925023
1346001188
1346081246
1346616077
1346951489
1347186945
1347274296
1348182292
1348365442
1348621126
1348836715
1349149127
1349492195
1350028908
1351133716
1351329538
1351770385
1351833811
1351912813
1351940698
1351994389
1352456918
1352710820
1352740058
1352805332
1353108702
1353176451
1353219582
1353306504
1353661386
1354191598
1354538593
1354593076
1354613272
1354741972
1354893805
1354966636
1355140712
1355200838
1355206052
1355279873
1355875160
1356005049
1356454608
1356513546
1357335511
1357448800
1357454509
1357631752
1358277266
1358578160
1358775170
1358837837
1359108537
1360782529
1361028248
1361152691
1361299607
1361498531
1361596145
1362130845
1362182292
1362667722
1363394185
1364460614
1365187407
1365508299
1365832722
1366082302
1366856185
1367462561
1367767283
1367891759
1368207372
1368397221
1370746526
1371724548
1371827673
1371886017
1371892815
1371909414
1371919149
1371929775
1372032307
1372052272
1372133122
1372190707
1372460614
1372666633
1372816321
1373483780
1373829818
1374125235
1374353034
1375051942
1375346929
1375673794
1375779592
1375994389
1376195492
1376289575
1376300993
1376319308
1376411246
1376699237
1376906411
1376973038
1377239844
1377428241
1377693132
1378067155
1378131406
1378255585
1378488532
1378972840
1379177540
1379305547
1379421047
1379696465
1379888888
1380026268
1380149490
1380221001
1380355938
1380428505
1380619872
1380728112
1380795828
1380822756
1380924594
1381034650
1381307989
1381507441
1381556248
1381636042
1381692967
1381831270
1381964953
1382163449
1382452892
1382727485
1382864798
1382946275
1383039039
1383477246
1383611127
1383722040
1383849453
1384022737
1384205755
1384284988
1384356235
1384506352
1384576543
1384665775
1384699534
1384790218
1385028776
1385339339
1385402831
1385406659
1385663663
1386429627
1386510477
1386577632
1386621852
1386826914
1386946440
1388621819
1389116457
1391284889
1392418242
1392540045
1392570009
1392595584
1392612381
1392641619
1392900273
1393149490
1393273504
1393476982
1394129888
1394243507
1394417714
1394532323
1394937497
1395177474
1395184602
1395192687
1395232353
1395238392
1395248688
1395261261
1395307626
1395334059
1395363495
1395462957
1395659340
1395733392
1395767316
1395947133
1396064812
1396109626
1396206877
1396278223
1396353100
1396368544
1396395802
1396564300
1396690129
1396759693
1397100122
1397147081
1398306867
1398395043
1398437910
1398455169
1398671550
1398721842
1398761046
1398793914
1398842589
1398913671
1399005973
1399059994
1399102069
1399116160
1399203940
1399439131
1400191631
1400324687
1400555588
1400665478
1400786357
1400855327
1401162426
1401463485
1401609510
1401794145
1402071841
1402116787
1402126918
1402197703
1402377223
1402666072
1403011781
1403558756
1403794343
1403853545
1404007920
1404041217
1404218394
1404409662
1404849948
1405056100
1405146850
1405192324
1405204534
1405251460
1405401115
1405620433
1405924528
1406164802
1406802527
1406996732
1407198495
1407218955
1407374847
1407421740
1407587136
1407764478
1407834174
1407979902
1408196416
1408592746
1408642675
1409492822
1410050028
1410247335
1410401610
1410490743
1410548889
1410618321
1411066594
1411251658
1411281589
1411393657
1411420816
1411477708
1411661386
1411710028
1411765963
1411817806
1411857505
1411927432
1411932217
1412023430
1412055836
1412320265
1412576510
1412781671
1412944691
1412989736
1413283767
1413515955
1413664752
1413722502
1413798369
1413876645
1413943041
1414099396
1414315612
1415235950
1415399498
1415606507
1415628353
1415669273
1416021615
1416163977
1416165693
1416302313
1416494538
1416532785
1416750948
1416757614
1416982641
1417159786
1417208692
1417224862
1417246378
1417311190
1417539121
1417636042
1417683133
1417699138
1417786786
1417893310
1418538065
1418653004
1419197241
1419935550
1420034815
1420140415
1420189981
1420210573
1420267564
1421131175
1421780186
1422257202
1422957231
1422961092
1422969705
1423685377
1424071379
1425021384
1425314490
1425591426
1425964062
1426930534
1426999108
1427265551
1427466158
1427650859
1427709368
1427753951
1427806982
1428026235
1428066000
1428143154
1428269511
1428317889
1428527406
1428577632
1428656106
1428681516
1428762630
1428898458
1429125004
1429438108
1429636405
1429690789
1429889251
1430003069
1430053592
1430130185
1430243045
1430332343
1430459558
1430572946
1430621621
1430791571
1430911691
1431080949
1431143748
1431722370
1431773652
1431918885
1432149721
1432284592
1432317064
1432825528
1433022638
1433102168
1433119097
1434594264
1435126621
1435217602
1436354981
1436809952
1436944526
1437079893
1437408012
1437580041
1438256509
1438448107
1439664917
1439905850
1439990132
1440231363
1440363099
1440532356
1440646536
1440680328
1440994653
1441265551
1441280995
1441340725
1441408342
1441439263
1441708444
1441797346
1441887799
1442060984
1442214665
1442335313
1442419463
1442606639
1442802692
1442913671
1443689964
1443772266
1444372603
1447696333
1448783849
1450256410
1451240075
1451318747
1451447381
1451495033
1452364320
1452496386
1452804936
1452966075
1453135564
1453233838
1453304788
1453601788
1453644028
1453789459
1453939774
1454167343
1454184173
1454337095
1454448635
1454531861
1454552915
1454577335
1454607695
1454701085
1454766458
1454948090
1455002046
1455384021
1455434445
1455492921
1455594231
1455769956
1455882222
1455931392
1456011319
1456083655
1456363693
1456445401
1456476025
1456513150
1456602349
1456641289
1457111375
1457315018
1457394449
1457474540
1457618189
1457722436
1457770286
1457831699
1457844107
1457913968
1457935616
1457996534
1458064647
1458108240
1458150579
1458204105
1458272481
1458358281
1458392139
1458451308
1458526812
1458578523
1458610401
1458687324
1458798765
1458829785
1458967230
1459103884
1459117744
1459246543
1459419463
1459487476
1459513810
1459677985
1459690888
1459757350
1459920172
1460009966
1460069333
1460111210
1460206844
1460228954
1460293403
1460392667
1460501633
1460677556
1460717222
1460808104
1460931095
1460991650
1461016500
1461036927
1461137412
1461228756
1461436326
1461730851
1461831963
1461972774
1463099627
1463356730
1463361977
1463406395
1463748506
1463765963
1464256905
1464344223
1464415602
1464571230
1464610401
1464634854
1464687687
1464852621
1465394581
1465504108
1465604296
1465934791
1466291951
1466342573
1466450747
1466729894
1466789855
1466825099
1467211860
1467250305
1467379863
1467624888
1467731445
1467826914
1467921261
1468012309
1468222750
1468552288
1468802329
1469082071
1469917268
1470290994
1470400092
1470499191
1470554004
1470607431
1470982410
1471581757
1471717420
1471767547
1471969573
1472111969
1472291093
1472435072
1472865953
1473017820
1473413820
1473414975
1473425205
1473491535
1473664752
1473762300
1473782958
1473818730
1473942150
1474144045
1474562914
1474761112
